File,Activity,Subject,Trial,A11,A12,A21,A22,A31,A32,A Diff,A Angle,A 3D Angle,B11,B12,B21,B22,B31,B32,B Diff,B Angle,B 3D Angle
a7_s8_t1_color.avi,a7,s8,t1,301.98514,138.02686,301.5423,137.90602,302.31113,136.10826,2.2445831,82.10786279122,11.4086520948072,328.0195,357.0015,327.7142,357.08768,328.45868,357.0272,0.46487427,11.1188241933874,1.20741826972573E-06
a7_s8_t1_color.avi,a7,s8,t1,301.98514,138.02686,301.5423,137.90602,302.31113,136.10826,2.2445831,82.10786279122,11.4086520948072,328.0195,357.0015,327.7142,357.08768,328.45868,357.0272,0.46487427,11.1188241933874,1.20741826972573E-06
a15_s5_t4_color.avi,a15,s5,t4,275.12958,170.01654,288.17917,167.8363,275.93713,178.64156,9.432571,31.9477688510855,3.49148095186048,388.99606,237.98642,388.98367,238.02087,388.95062,237.98582,0.046035767,63.0978172073728,0.019192706097642
a15_s5_t4_color.avi,a15,s5,t4,275.12958,170.01654,288.17917,167.8363,275.93713,178.64156,9.432571,31.9477688510855,3.49148095186048,388.99606,237.98642,388.98367,238.02087,388.95062,237.98582,0.046035767,63.0978172073728,0.019192706097642
a21_s5_t4_color.avi,a21,s5,t4,387.99963,236.99246,348.81473,247.22726,317.95764,104.2398,202.79465,87.5396406133913,12.2291901735438,46.002747,162.94255,45.986015,162.97966,46.002575,162.99568,0.053302765,109.785338368098,0.067328335156924
a21_s5_t4_color.avi,a21,s5,t4,387.99963,236.99246,348.81473,247.22726,317.95764,104.2398,202.79465,87.5396406133913,12.2291901735438,46.002747,162.94255,45.986015,162.97966,46.002575,162.99568,0.053302765,109.785338368098,0.067328335156924
a6_s2_t1_color.avi,a6,s2,t1,346.05127,250.9909,332.46848,250.26508,343.35657,251.43379,3.1375885,3.06766293430635,166.355699158754,320.021,213.00229,322.34012,210.71893,320.25458,212.88925,0.34661865,1.58637215199567,0.090181860372201
a6_s2_t1_color.avi,a6,s2,t1,346.05127,250.9909,332.46848,250.26508,343.35657,251.43379,3.1375885,3.06766293430635,166.355699158754,320.021,213.00229,322.34012,210.71893,320.25458,212.88925,0.34661865,1.58637215199567,0.090181860372201
a1_s5_t1_color.avi,a1,s5,t1,387.97867,237.9429,352.51974,244.95819,356.67612,244.77109,38.130737,8.61355176183502,170.646719093352,47.00019,163.98663,46.974304,164.04039,46.98566,164.00551,0.033405304,7.679505244056,0.098615702125772
a1_s5_t1_color.avi,a1,s5,t1,387.97867,237.9429,352.51974,244.95819,356.67612,244.77109,38.130737,8.61355176183502,170.646719093352,47.00019,163.98663,46.974304,164.04039,46.98566,164.00551,0.033405304,7.679505244056,0.098615702125772
a1_s6_t3_color.avi,a1,s6,t3,388.9795,237.00316,396.1468,240.26501,396.15323,240.29909,10.469666,125.172149028328,0.487126125057067,46.016434,163.0332,45.99627,162.9998,45.99566,162.94844,0.105537415,149.561452810439,0.108927206244653
a1_s6_t3_color.avi,a1,s6,t3,388.9795,237.00316,396.1468,240.26501,396.15323,240.29909,10.469666,125.172149028328,0.487126125057067,46.016434,163.0332,45.99627,162.9998,45.99566,162.94844,0.105537415,149.561452810439,0.108927206244653
a20_s1_t4_color.avi,a20,s1,t4,389.02032,237.01674,359.1327,244.07256,358.7024,244.03632,37.33751,161.902845681728,1.86797169530002,559.9919,112.00658,559.9831,111.991196,559.9447,111.99549,0.058265686,113.360953759795,0.120369107608278
a20_s1_t4_color.avi,a20,s1,t4,389.02032,237.01674,359.1327,244.07256,358.7024,244.03632,37.33751,161.902845681728,1.86797169530002,559.9919,112.00658,559.9831,111.991196,559.9447,111.99549,0.058265686,113.360953759795,0.120369107608278
a2_s5_t1_color.avi,a2,s5,t1,389.02768,238.00264,389.02466,238.01915,339.42743,279.71106,91.30867,140.420799988964,3.41190167828529,46.995132,164.03123,47.00656,163.9989,46.971256,163.9777,0.07740402,101.510507738265,0.129628239264004
a2_s5_t1_color.avi,a2,s5,t1,389.02768,238.00264,389.02466,238.01915,339.42743,279.71106,91.30867,140.420799988964,3.41190167828529,46.995132,164.03123,47.00656,163.9989,46.971256,163.9777,0.07740402,101.510507738265,0.129628239264004
a9_s5_t4_color.avi,a9,s5,t4,278.9769,170.0637,277.79263,170.3215,277.4297,169.57645,2.0344696,103.691633089057,134.873239012219,539.01996,113.98475,539.0105,114.01652,539.0161,114.04074,0.05983734,150.365687854289,0.129628239264004
a9_s5_t4_color.avi,a9,s5,t4,278.9769,170.0637,277.79263,170.3215,277.4297,169.57645,2.0344696,103.691633089057,134.873239012219,539.01996,113.98475,539.0105,114.01652,539.0161,114.04074,0.05983734,150.365687854289,0.129628239264004
a10_s5_t1_color.avi,a10,s5,t1,276.92606,169.99162,272.19968,158.03564,277.44495,170.13927,0.6665344,1.86051837676266,113.809605125799,389.01477,237.98547,389.0317,238.00848,389.0458,238.03761,0.08317566,169.472223671266,0.132322581171185
a10_s5_t1_color.avi,a10,s5,t1,276.92606,169.99162,272.19968,158.03564,277.44495,170.13927,0.6665344,1.86051837676266,113.809605125799,389.01477,237.98547,389.0317,238.00848,389.0458,238.03761,0.08317566,169.472223671266,0.132322581171185
a8_s5_t2_color.avi,a8,s5,t2,389.01926,237.99037,351.8908,244.38144,352.3213,244.8123,43.519897,54.7922111814067,7.42344343079047,45.989998,162.98357,46.010437,162.96915,45.993706,162.94957,0.037704468,84.6840318915582,0.134780759624361
a8_s5_t2_color.avi,a8,s5,t2,389.01926,237.99037,351.8908,244.38144,352.3213,244.8123,43.519897,54.7922111814067,7.42344343079047,45.989998,162.98357,46.010437,162.96915,45.993706,162.94957,0.037704468,84.6840318915582,0.134780759624361
a2_s8_t4_color.avi,a2,s8,t4,388.9969,237.99771,388.9768,237.97794,295.44586,232.07689,99.47185,139.048819835659,5.52874035876724,39.99041,171.99614,39.981087,172.01512,39.96669,172.02028,0.047859192,135.8678970124,0.135450763062555
a2_s8_t4_color.avi,a2,s8,t4,388.9969,237.99771,388.9768,237.97794,295.44586,232.07689,99.47185,139.048819835659,5.52874035876724,39.99041,171.99614,39.981087,172.01512,39.96669,172.02028,0.047859192,135.8678970124,0.135450763062555
a11_s5_t1_color.avi,a11,s5,t1,278.96808,169.93614,275.10962,171.8175,276.60104,168.99062,3.312561,36.1909374426109,2.58132382378724,40.016014,172.01265,40.013725,171.97974,40.044487,171.98938,0.051742554,68.6162027374559,0.138061852095857
a11_s5_t1_color.avi,a11,s5,t1,278.96808,169.93614,275.10962,171.8175,276.60104,168.99062,3.312561,36.1909374426109,2.58132382378724,40.016014,172.01265,40.013725,171.97974,40.044487,171.98938,0.051742554,68.6162027374559,0.138061852095857
a22_s2_t3_color.avi,a22,s2,t3,321.1957,211.01826,322.45874,208.84796,324.98065,209.8948,4.9084015,97.654401870778,21.8356600117142,332.05844,357.00327,330.67535,356.9008,333.9114,356.45016,2.406067,12.165025634531,0.138888065542091
a22_s2_t3_color.avi,a22,s2,t3,321.1957,211.01826,322.45874,208.84796,324.98065,209.8948,4.9084015,97.654401870778,21.8356600117142,332.05844,357.00327,330.67535,356.9008,333.9114,356.45016,2.406067,12.165025634531,0.138888065542091
a2_s8_t3_color.avi,a2,s8,t3,388.97693,237.97125,388.95532,237.98625,317.8255,248.72807,81.90825,153.819020792459,4.10927771907418,47.034725,163.94629,47.03019,163.95467,47.02143,164.01025,0.07725906,160.521208563435,0.141122324259433
a2_s8_t3_color.avi,a2,s8,t3,388.97693,237.97125,388.95532,237.98625,317.8255,248.72807,81.90825,153.819020792459,4.10927771907418,47.034725,163.94629,47.03019,163.95467,47.02143,164.01025,0.07725906,160.521208563435,0.141122324259433
a21_s6_t2_color.avi,a21,s6,t2,389.0138,237.041,389.02628,237.08698,336.26947,191.57878,98.20654,34.029713935383,3.6781144792935,40.029243,170.99586,39.994812,171.01457,39.9699,171.0299,0.093387604,176.902767509652,0.143239150369942
a21_s6_t2_color.avi,a21,s6,t2,389.0138,237.041,389.02628,237.08698,336.26947,191.57878,98.20654,34.029713935383,3.6781144792935,40.029243,170.99586,39.994812,171.01457,39.9699,171.0299,0.093387604,176.902767509652,0.143239150369942
a8_s5_t3_color.avi,a8,s5,t3,389.0277,238.01076,364.7637,244.91164,368.73245,244.86179,27.146286,15.1565398698247,1.14035783074821,40.99841,172.03601,40.96972,172.00565,40.978165,171.9832,0.07305527,116.004274650831,0.143958942070714
a8_s5_t3_color.avi,a8,s5,t3,389.0277,238.01076,364.7637,244.91164,368.73245,244.86179,27.146286,15.1565398698247,1.14035783074821,40.99841,172.03601,40.96972,172.00565,40.978165,171.9832,0.07305527,116.004274650831,0.143958942070714
a1_s6_t1_color.avi,a1,s6,t1,387.99777,237.98483,393.37195,247.7693,393.3664,247.8467,15.230484,147.117070674816,0.614110552464237,40.013805,171.99765,39.98108,172.0187,39.97564,172.01033,0.0508461,90.2396708607072,0.148949054998429
a1_s6_t1_color.avi,a1,s6,t1,387.99777,237.98483,393.37195,247.7693,393.3664,247.8467,15.230484,147.117070674816,0.614110552464237,40.013805,171.99765,39.98108,172.0187,39.97564,172.01033,0.0508461,90.2396708607072,0.148949054998429
a1_s7_t3_color.avi,a1,s7,t3,290.96515,233.9973,291.71985,232.3113,298.93732,300.20358,74.17845,30.1827229443742,54.9677200948127,388.9734,237.98622,391.6468,237.98361,391.6294,237.98244,2.65979,3.92002963911242,0.159597858847104
a1_s7_t3_color.avi,a1,s7,t3,290.96515,233.9973,291.71985,232.3113,298.93732,300.20358,74.17845,30.1827229443742,54.9677200948127,388.9734,237.98622,391.6468,237.98361,391.6294,237.98244,2.65979,3.92002963911242,0.159597858847104
a9_s8_t2_color.avi,a9,s8,t2,388.99872,238.00966,389.0189,237.99776,238.43976,230.75102,157.8176,33.2965255762448,9.11975700875241,560.0224,113.00296,559.9873,113.01714,559.9982,113.02538,0.046592712,59.0283631875234,0.163701781733923
a9_s8_t2_color.avi,a9,s8,t2,388.99872,238.00966,389.0189,237.99776,238.43976,230.75102,157.8176,33.2965255762448,9.11975700875241,560.0224,113.00296,559.9873,113.01714,559.9982,113.02538,0.046592712,59.0283631875234,0.163701781733923
a4_s6_t1_color.avi,a4,s6,t1,388.9845,236.98442,372.3352,241.74693,371.29126,242.14403,22.852844,175.137409208553,90.3129742082654,560.0299,113.00353,559.99756,113.01339,559.99493,112.99943,0.03907776,83.6992490723109,0.163701781733923
a4_s6_t1_color.avi,a4,s6,t1,388.9845,236.98442,372.3352,241.74693,371.29126,242.14403,22.852844,175.137409208553,90.3129742082654,560.0299,113.00353,559.99756,113.01339,559.99493,112.99943,0.03907776,83.6992490723109,0.163701781733923
a8_s4_t1_color.avi,a8,s4,t1,388.9879,238.00546,307.44894,202.7056,311.6593,201.8625,113.47157,34.7320750894074,93.0375462536505,46.993267,164.01086,47.0147,163.99948,47.010715,163.97125,0.05706024,109.932832725506,0.166074258130124
a8_s4_t1_color.avi,a8,s4,t1,388.9879,238.00546,307.44894,202.7056,311.6593,201.8625,113.47157,34.7320750894074,93.0375462536505,46.993267,164.01086,47.0147,163.99948,47.010715,163.97125,0.05706024,109.932832725506,0.166074258130124
a2_s3_t2_color.avi,a2,s3,t2,389.0017,236.98587,388.99762,236.99324,398.15344,233.51025,12.62735,40.1481974565529,0.894267131300702,40.02748,171.00288,40.009014,170.99579,39.997055,171.03413,0.061676025,86.3038828125682,0.166074258132318
a2_s3_t2_color.avi,a2,s3,t2,389.0017,236.98587,388.99762,236.99324,398.15344,233.51025,12.62735,40.1481974565529,0.894267131300702,40.02748,171.00288,40.009014,170.99579,39.997055,171.03413,0.061676025,86.3038828125682,0.166074258132318
a21_s5_t3_color.avi,a21,s5,t3,388.98364,236.97859,389.01654,237.03993,366.32425,245.8696,31.5504,83.0557436648289,1.299447516168,39.981533,171.0179,40.00769,171.01407,40.033302,171.01862,0.05248642,161.602592515965,0.171543737459621
a21_s5_t3_color.avi,a21,s5,t3,388.98364,236.97859,389.01654,237.03993,366.32425,245.8696,31.5504,83.0557436648289,1.299447516168,39.981533,171.0179,40.00769,171.01407,40.033302,171.01862,0.05248642,161.602592515965,0.171543737459621
a16_s8_t4_color.avi,a16,s8,t4,261.03583,249.97615,276.59848,210.90498,282.59796,219.3084,52.22989,57.242489900024,148.12334957599,593.9582,179.00246,594.0154,179.03041,594.0211,179.04372,0.10418701,139.374459156042,0.171543737459621
a16_s8_t4_color.avi,a16,s8,t4,261.03583,249.97615,276.59848,210.90498,282.59796,219.3084,52.22989,57.242489900024,148.12334957599,593.9582,179.00246,594.0154,179.03041,594.0211,179.04372,0.10418701,139.374459156042,0.171543737459621
a1_s7_t1_color.avi,a1,s7,t1,388.99545,237.99438,310.27997,141.23047,310.27567,140.3444,176.36977,141.150592253703,43.5759159416539,39.991863,171.9686,39.948624,172.01486,39.967987,172.0014,0.056682587,12.135066001948,0.173098505122827
a1_s7_t1_color.avi,a1,s7,t1,388.99545,237.99438,310.27997,141.23047,310.27567,140.3444,176.36977,141.150592253703,43.5759159416539,39.991863,171.9686,39.948624,172.01486,39.967987,172.0014,0.056682587,12.135066001948,0.173098505122827
a2_s3_t4_color.avi,a2,s3,t4,388.98938,236.99294,388.9694,237.00302,338.48294,265.08737,78.600876,177.688570361907,4.32344182693511,560.00934,111.98543,559.9825,111.9801,559.9821,111.97417,0.038482666,104.746477873128,0.196217655893506
a2_s3_t4_color.avi,a2,s3,t4,388.98938,236.99294,388.9694,237.00302,338.48294,265.08737,78.600876,177.688570361907,4.32344182693511,560.00934,111.98543,559.9825,111.9801,559.9821,111.97417,0.038482666,104.746477873128,0.196217655893506
a2_s3_t1_color.avi,a2,s3,t1,389.0351,236.99973,389.0455,236.99551,334.2778,266.69855,84.456116,6.4402132959518,4.53980329199627,40.01079,170.98344,39.981987,171.0194,39.97483,171.0122,0.06472397,83.5816204982484,0.196217655893506
a2_s3_t1_color.avi,a2,s3,t1,389.0351,236.99973,389.0455,236.99551,334.2778,266.69855,84.456116,6.4402132959518,4.53980329199627,40.01079,170.98344,39.981987,171.0194,39.97483,171.0122,0.06472397,83.5816204982484,0.196217655893506
a1_s4_t2_color.avi,a1,s4,t2,387.98734,237.99843,338.22305,238.35678,348.34967,246.45168,48.09091,39.0503007222361,11.1267400085148,41.020496,171.99583,41.01386,171.98433,41.015102,172.0063,0.015861511,26.7423132394923,0.220367296122521
a1_s4_t2_color.avi,a1,s4,t2,387.98734,237.99843,338.22305,238.35678,348.34967,246.45168,48.09091,39.0503007222361,11.1267400085148,41.020496,171.99583,41.01386,171.98433,41.015102,172.0063,0.015861511,26.7423132394923,0.220367296122521
a9_s8_t3_color.avi,a9,s8,t3,388.99643,237.99873,388.99597,237.97192,217.35992,246.27122,179.909,88.2098772684617,60.3684818803041,40.001587,171.99283,39.980877,172.01454,39.948696,172.00415,0.0642128,115.74990346434,0.2213881562796
a9_s8_t3_color.avi,a9,s8,t3,388.99643,237.99873,388.99597,237.97192,217.35992,246.27122,179.909,88.2098772684617,60.3684818803041,40.001587,171.99283,39.980877,172.01454,39.948696,172.00415,0.0642128,115.74990346434,0.2213881562796
a9_s8_t1_color.avi,a9,s8,t1,389.02338,238.00424,389.03018,237.9619,372.78793,244.12267,22.353867,60.0974760506911,1.65205908569133,560.0191,113.01918,559.9949,113.02577,560.01544,112.97971,0.043128967,50.7169666202173,0.231449556994838
a9_s8_t1_color.avi,a9,s8,t1,389.02338,238.00424,389.03018,237.9619,372.78793,244.12267,22.353867,60.0974760506911,1.65205908569133,560.0191,113.01918,559.9949,113.02577,560.01544,112.97971,0.043128967,50.7169666202173,0.231449556994838
a23_s1_t1_color.avi,a23,s1,t1,285.03244,177.98329,280.60507,177.04398,291.3424,175.56944,8.723816,19.7977138371918,15.1290256284413,45.97202,162.99611,46.018185,162.98189,46.005764,162.97806,0.05179596,34.2587023652907,0.243810356102618
a23_s1_t1_color.avi,a23,s1,t1,285.03244,177.98329,280.60507,177.04398,291.3424,175.56944,8.723816,19.7977138371918,15.1290256284413,45.97202,162.99611,46.018185,162.98189,46.005764,162.97806,0.05179596,34.2587023652907,0.243810356102618
a25_s8_t1_color.avi,a25,s8,t1,343.95917,281.04355,339.77164,288.6844,337.42017,322.80072,48.296173,155.218114894513,175.877736695634,46.00563,176.0245,46.02687,175.99054,46.03642,175.9665,0.08878708,169.648743543226,0.254646232271001
a25_s8_t1_color.avi,a25,s8,t1,343.95917,281.04355,339.77164,288.6844,337.42017,322.80072,48.296173,155.218114894513,175.877736695634,46.00563,176.0245,46.02687,175.99054,46.03642,175.9665,0.08878708,169.648743543226,0.254646232271001
a23_s3_t3_color.avi,a23,s3,t3,271.95474,357.98993,275.88016,357.87296,281.77304,357.59705,10.211182,179.026208704834,173.808165715158,559.99164,112.00678,560.0015,112.021866,560.0142,112.012955,0.028755188,88.1804895459795,0.254646232272432
a23_s3_t3_color.avi,a23,s3,t3,271.95474,357.98993,275.88016,357.87296,281.77304,357.59705,10.211182,179.026208704834,173.808165715158,559.99164,112.00678,560.0015,112.021866,560.0142,112.012955,0.028755188,88.1804895459795,0.254646232272432
a10_s8_t1_color.avi,a10,s8,t1,388.9819,237.96126,352.54205,181.64464,313.45096,260.2512,97.82088,59.3462069063377,56.2230752076728,560.02405,113.0041,559.99286,112.976616,559.9734,112.97403,0.08072662,146.182924195707,0.258087351336953
a10_s8_t1_color.avi,a10,s8,t1,388.9819,237.96126,352.54205,181.64464,313.45096,260.2512,97.82088,59.3462069063377,56.2230752076728,560.02405,113.0041,559.99286,112.976616,559.9734,112.97403,0.08072662,146.182924195707,0.258087351336953
a21_s5_t1_color.avi,a21,s5,t1,389.01605,236.98589,389.00528,237.00307,337.89023,106.617775,181.49393,53.494349941834,112.501461477901,559.96246,113.017586,559.9775,113.02388,560.0045,112.98134,0.078300476,99.6954789986654,0.261622745694199
a21_s5_t1_color.avi,a21,s5,t1,389.01605,236.98589,389.00528,237.00307,337.89023,106.617775,181.49393,53.494349941834,112.501461477901,559.96246,113.017586,559.9775,113.02388,560.0045,112.98134,0.078300476,99.6954789986654,0.261622745694199
a4_s8_t1_color.avi,a4,s8,t1,328.01553,357.04178,327.70114,357.08344,327.5643,357.1136,0.5230408,175.121716463991,45,389.0225,237.97604,389.02148,238.08623,389.04074,238.05495,0.09715271,31.0931874477376,0.271541945685159
a4_s8_t1_color.avi,a4,s8,t1,328.01553,357.04178,327.70114,357.08344,327.5643,357.1136,0.5230408,175.121716463991,45,389.0225,237.97604,389.02148,238.08623,389.04074,238.05495,0.09715271,31.0931874477376,0.271541945685159
a20_s1_t3_color.avi,a20,s1,t3,389.00925,236.98373,361.52475,244.14497,382.02237,242.25745,12.26059,9.34278133748845,0.794470466132166,39.972435,171.02,39.99609,170.98796,40.001186,171.00319,0.04556656,54.9390870485218,0.276789052176661
a20_s1_t3_color.avi,a20,s1,t3,389.00925,236.98373,361.52475,244.14497,382.02237,242.25745,12.26059,9.34278133748845,0.794470466132166,39.972435,171.02,39.99609,170.98796,40.001186,171.00319,0.04556656,54.9390870485218,0.276789052176661
a1_s7_t2_color.avi,a1,s7,t2,388.98956,238.02258,317.05496,163.02382,318.00586,170.13321,138.87308,36.1870933329289,105.370654864323,560.0089,113.00471,559.9841,113.01827,559.9658,113.01263,0.05101013,134.172209677049,0.285051277584413
a1_s7_t2_color.avi,a1,s7,t2,388.98956,238.02258,317.05496,163.02382,318.00586,170.13321,138.87308,36.1870933329289,105.370654864323,560.0089,113.00471,559.9841,113.01827,559.9658,113.01263,0.05101013,134.172209677049,0.285051277584413
a16_s1_t3_color.avi,a16,s1,t3,264.99936,301.0477,261.09244,261.50885,264.5628,241.451,60.03325,164.540767901433,173.423957849705,284.9894,177.0228,286.36646,177.42418,285.5374,177.97954,1.5047455,50.0677997892549,0.294829882359037
a16_s1_t3_color.avi,a16,s1,t3,264.99936,301.0477,261.09244,261.50885,264.5628,241.451,60.03325,164.540767901433,173.423957849705,284.9894,177.0228,286.36646,177.42418,285.5374,177.97954,1.5047455,50.0677997892549,0.294829882359037
a1_s8_t1_color.avi,a1,s8,t1,389.0098,238.0068,361.77075,245.46353,364.04333,245.38153,32.341187,13.2432453167838,1.35923070792468,46.990784,163.99854,46.966343,163.99548,46.958942,164.0301,0.06341171,94.9481257314661,0.309703899958391
a1_s8_t1_color.avi,a1,s8,t1,389.0098,238.0068,361.77075,245.46353,364.04333,245.38153,32.341187,13.2432453167838,1.35923070792468,46.990784,163.99854,46.966343,163.99548,46.958942,164.0301,0.06341171,94.9481257314661,0.309703899958391
a1_s8_t4_color.avi,a1,s8,t4,387.9981,237.98468,388.01724,237.97778,346.58472,246.0463,49.475006,8.80173204722137,1.85173625046793,47.009674,163.97026,46.980488,164.01657,46.99187,163.98866,0.03620529,10.0311636515699,0.328139001491413
a1_s8_t4_color.avi,a1,s8,t4,387.9981,237.98468,388.01724,237.97778,346.58472,246.0463,49.475006,8.80173204722137,1.85173625046793,47.009674,163.97026,46.980488,164.01657,46.99187,163.98866,0.03620529,10.0311636515699,0.328139001491413
a25_s1_t1_color.avi,a25,s1,t1,288.15863,175.89392,286.27036,221.38647,296.672,245.59425,78.2137,154.370854914443,21.9293392182659,540.00543,133.98865,539.9842,133.97868,539.97046,133.98547,0.038146973,128.558456685597,0.337030109857615
a25_s1_t1_color.avi,a25,s1,t1,288.15863,175.89392,286.27036,221.38647,296.672,245.59425,78.2137,154.370854914443,21.9293392182659,540.00543,133.98865,539.9842,133.97868,539.97046,133.98547,0.038146973,128.558456685597,0.337030109857615
a1_s8_t2_color.avi,a1,s8,t2,389.03604,237.96596,389.02652,237.97083,363.73117,240.81944,28.158356,159.348329054485,4.69948492454729,46.99335,164.0146,46.971817,164.00665,47.010494,163.97014,0.06160736,63.6152505067382,0.358093959323397
a1_s8_t2_color.avi,a1,s8,t2,389.03604,237.96596,389.02652,237.97083,363.73117,240.81944,28.158356,159.348329054485,4.69948492454729,46.99335,164.0146,46.971817,164.00665,47.010494,163.97014,0.06160736,63.6152505067382,0.358093959323397
a1_s5_t3_color.avi,a1,s5,t3,279.85193,169.03021,278.39728,169.64966,244.23395,213.91501,80.50278,150.726566966788,134.160660783005,46.010906,176.97986,46.00173,177.01866,45.97173,177.06842,0.12773895,162.214094473391,0.367275607338126
a1_s5_t3_color.avi,a1,s5,t3,279.85193,169.03021,278.39728,169.64966,244.23395,213.91501,80.50278,150.726566966788,134.160660783005,46.010906,176.97986,46.00173,177.01866,45.97173,177.06842,0.12773895,162.214094473391,0.367275607338126
a13_s8_t3_color.avi,a13,s8,t3,389.00027,238.01112,358.97467,244.49847,354.82562,247.21088,43.374405,159.017657721801,19.2550086524582,39.99655,172.01228,40.005535,172.02486,40.027214,171.99728,0.045661926,73.7220250086131,0.386933110946983
a13_s8_t3_color.avi,a13,s8,t3,389.00027,238.01112,358.97467,244.49847,354.82562,247.21088,43.374405,159.017657721801,19.2550086524582,39.99655,172.01228,40.005535,172.02486,40.027214,171.99728,0.045661926,73.7220250086131,0.386933110946983
a16_s5_t2_color.avi,a16,s5,t2,282.9649,170.01448,282.41263,170.26125,282.81323,169.9023,0.26385498,17.7850680490585,175.601294645004,539.97394,134.00636,539.99097,134.01964,540.00476,134.01309,0.03755188,116.674064461879,0.400663255792304
a16_s5_t2_color.avi,a16,s5,t2,282.9649,170.01448,282.41263,170.26125,282.81323,169.9023,0.26385498,17.7850680490585,175.601294645004,539.97394,134.00636,539.99097,134.01964,540.00476,134.01309,0.03755188,116.674064461879,0.400663255792304
a14_s5_t2_color.avi,a14,s5,t2,388.99634,237.03319,388.98593,237.06424,376.60663,243.64485,19.001373,136.52210856182,1.42852092695218,45.99548,162.98975,46.03056,162.99272,46.0356,162.98088,0.048984528,108.205434249352,0.403484735058043
a14_s5_t2_color.avi,a14,s5,t2,388.99634,237.03319,388.98593,237.06424,376.60663,243.64485,19.001373,136.52210856182,1.42852092695218,45.99548,162.98975,46.03056,162.99272,46.0356,162.98088,0.048984528,108.205434249352,0.403484735058043
a16_s5_t3_color.avi,a16,s5,t3,280.89816,170.06725,277.84848,164.1443,282.187,172.10991,3.3315125,1.33161246041722,81.5125698095724,45.966755,176.02522,45.983414,176.03098,45.984238,175.99835,0.044353485,72.3961543846789,0.403484735058043
a16_s5_t3_color.avi,a16,s5,t3,280.89816,170.06725,277.84848,164.1443,282.187,172.10991,3.3315125,1.33161246041722,81.5125698095724,45.966755,176.02522,45.983414,176.03098,45.984238,175.99835,0.044353485,72.3961543846789,0.403484735058043
a6_s5_t1_color.avi,a6,s5,t1,278.92538,170.03462,278.9849,169.76378,279.71976,170.05986,0.8196106,80.4471740166216,176.031293337344,539.0279,114.00314,539.00195,113.983795,538.9899,113.96524,0.0758667,159.662907090699,0.415179541144655
a6_s5_t1_color.avi,a6,s5,t1,278.92538,170.03462,278.9849,169.76378,279.71976,170.05986,0.8196106,80.4471740166216,176.031293337344,539.0279,114.00314,539.00195,113.983795,538.9899,113.96524,0.0758667,159.662907090699,0.415179541144655
a25_s6_t3_color.avi,a25,s6,t3,266.59155,106.10318,284.39606,136.70187,294.24875,195.55771,117.111725,159.309501317687,10.4304314520547,544.95105,180.01872,544.9423,179.99117,544.98737,179.97527,0.07977295,91.8679231805891,0.427572506833244
a25_s6_t3_color.avi,a25,s6,t3,266.59155,106.10318,284.39606,136.70187,294.24875,195.55771,117.111725,159.309501317687,10.4304314520547,544.95105,180.01872,544.9423,179.99117,544.98737,179.97527,0.07977295,91.8679231805891,0.427572506833244
a18_s4_t1_color.avi,a18,s4,t1,277.9575,358.00024,280.7329,358.05396,279.8012,357.87366,1.9703064,9.84349691610859,4.44235980863898,45.984856,162.9785,45.9957,162.95494,46.021706,163.00485,0.063201904,52.2383751635791,0.473508058735349
a18_s4_t1_color.avi,a18,s4,t1,277.9575,358.00024,280.7329,358.05396,279.8012,357.87366,1.9703064,9.84349691610859,4.44235980863898,45.984856,162.9785,45.9957,162.95494,46.021706,163.00485,0.063201904,52.2383751635791,0.473508058735349
a1_s2_t4_color.avi,a1,s2,t4,388.97113,237.98755,384.7957,242.47408,384.78525,242.48558,8.683914,179.27005075508,0.556809615767011,47.00604,163.98604,47.008217,163.97324,46.98692,164.00967,0.042755127,20.6496359529414,0.485545830008165
a1_s2_t4_color.avi,a1,s2,t4,388.97113,237.98755,384.7957,242.47408,384.78525,242.48558,8.683914,179.27005075508,0.556809615767011,47.00604,163.98604,47.008217,163.97324,46.98692,164.00967,0.042755127,20.6496359529414,0.485545830008165
a18_s3_t2_color.avi,a18,s3,t2,269.68942,294.9709,269.70627,293.64038,272.40326,293.58145,4.1032715,91.9771082331325,13.3903060365534,301.01083,153.00961,300.636,156.56569,302.3632,151.8969,2.4650726,14.2844071042681,0.494564198583721
a18_s3_t2_color.avi,a18,s3,t2,269.68942,294.9709,269.70627,293.64038,272.40326,293.58145,4.1032715,91.9771082331325,13.3903060365534,301.01083,153.00961,300.636,156.56569,302.3632,151.8969,2.4650726,14.2844071042681,0.494564198583721
a11_s1_t4_color.avi,a11,s1,t4,389.03748,237.02104,367.51788,243.46844,338.7545,286.6269,99.88884,140.360423814332,4.90428298823961,46.025333,163.01703,45.99703,162.98247,46.00788,162.96246,0.07201767,112.202125506356,0.501568831925405
a11_s1_t4_color.avi,a11,s1,t4,389.03748,237.02104,367.51788,243.46844,338.7545,286.6269,99.88884,140.360423814332,4.90428298823961,46.025333,163.01703,45.99703,162.98247,46.00788,162.96246,0.07201767,112.202125506356,0.501568831925405
a7_s3_t2_color.avi,a7,s3,t2,332.7623,321.29025,335.0315,311.51657,333.35712,319.82822,2.0568542,1.68130851319612,65.6853105411236,276.06284,357.99506,273.93976,358.15115,276.55637,357.95734,0.53125,0.032833113827111,0.524250362945991
a7_s3_t2_color.avi,a7,s3,t2,332.7623,321.29025,335.0315,311.51657,333.35712,319.82822,2.0568542,1.68130851319612,65.6853105411236,276.06284,357.99506,273.93976,358.15115,276.55637,357.95734,0.53125,0.032833113827111,0.524250362945991
a14_s2_t1_color.avi,a14,s2,t1,389.01877,237.03122,374.44125,226.9341,322.11432,167.49869,136.43698,166.069116602414,170.8959184154,560.02954,113.006065,560.015,113.00553,559.99493,112.99915,0.041519165,164.484147494342,0.53050131667416
a14_s2_t1_color.avi,a14,s2,t1,389.01877,237.03122,374.44125,226.9341,322.11432,167.49869,136.43698,166.069116602414,170.8959184154,560.02954,113.006065,560.015,113.00553,559.99493,112.99915,0.041519165,164.484147494342,0.53050131667416
a23_s6_t2_color.avi,a23,s6,t2,294.051,119.890884,283.58218,121.15614,300.50565,121.55196,8.11573,8.23118970873666,71.7992397354667,274.03305,106.00828,260.85718,106.1483,280.28195,106.20255,6.4431763,0.768762186240444,0.537549370104517
a23_s6_t2_color.avi,a23,s6,t2,294.051,119.890884,283.58218,121.15614,300.50565,121.55196,8.11573,8.23118970873666,71.7992397354667,274.03305,106.00828,260.85718,106.1483,280.28195,106.20255,6.4431763,0.768762186240444,0.537549370104517
a3_s7_t4_color.avi,a3,s7,t4,388.98337,238.00223,373.37515,247.58698,373.4828,247.56941,25.067764,22.2861195639711,27.7503675309632,40.001587,172.00262,40.01097,171.9969,40.030807,171.96948,0.06236267,157.256033047355,0.54051018713026
a3_s7_t4_color.avi,a3,s7,t4,388.98337,238.00223,373.37515,247.58698,373.4828,247.56941,25.067764,22.2861195639711,27.7503675309632,40.001587,172.00262,40.01097,171.9969,40.030807,171.96948,0.06236267,157.256033047355,0.54051018713026
a3_s6_t3_color.avi,a3,s6,t3,319.95566,105.989075,318.5996,106.51778,349.77844,199.05084,122.88455,92.6788773020112,138.640866673396,46.007484,175.98334,45.986103,175.99515,46.037647,175.95137,0.062129974,11.4271918060546,0.560368110353196
a3_s6_t3_color.avi,a3,s6,t3,319.95566,105.989075,318.5996,106.51778,349.77844,199.05084,122.88455,92.6788773020112,138.640866673396,46.007484,175.98334,45.986103,175.99515,46.037647,175.95137,0.062129974,11.4271918060546,0.560368110353196
a14_s7_t2_color.avi,a14,s7,t2,388.98453,238.01965,325.35333,184.16025,330.57098,245.26587,65.65976,44.8738929567979,9.9802981236489,46.99924,164.03217,47.025,163.9723,47.008533,163.96576,0.07569885,88.3932694530405,0.561705332567073
a14_s7_t2_color.avi,a14,s7,t2,388.98453,238.01965,325.35333,184.16025,330.57098,245.26587,65.65976,44.8738929567979,9.9802981236489,46.99924,164.03217,47.025,163.9723,47.008533,163.96576,0.07569885,88.3932694530405,0.561705332567073
a9_s6_t3_color.avi,a9,s6,t3,318.8895,105.98658,320.57062,105.96638,343.14066,184.97334,103.23792,105.25461728239,128.266118324703,40.03159,171.02286,40.019527,170.99867,39.970436,171.00676,0.077251434,107.152469218431,0.572938697683265
a9_s6_t3_color.avi,a9,s6,t3,318.8895,105.98658,320.57062,105.96638,343.14066,184.97334,103.23792,105.25461728239,128.266118324703,40.03159,171.02286,40.019527,170.99867,39.970436,171.00676,0.077251434,107.152469218431,0.572938697683265
a3_s5_t2_color.avi,a3,s5,t2,279.94934,169.02338,278.2049,168.99892,277.12845,169.39012,3.1876373,159.224394738195,14.0362434679265,389.01212,238.006,389.0143,238.0006,388.9992,237.95241,0.0664978,140.458845211007,0.590657214646407
a3_s5_t2_color.avi,a3,s5,t2,279.94934,169.02338,278.2049,168.99892,277.12845,169.39012,3.1876373,159.224394738195,14.0362434679265,389.01212,238.006,389.0143,238.0006,388.9992,237.95241,0.0664978,140.458845211007,0.590657214646407
a7_s3_t4_color.avi,a7,s3,t4,300.99915,154.00372,301.26273,157.1284,300.97552,154.69897,0.7188721,1.92040105045083,0.408831447270779,275.0682,358.00186,273.72455,358.12994,274.99753,358.07004,0.13885498,2.75087428872775,0.625166729061858
a7_s3_t4_color.avi,a7,s3,t4,300.99915,154.00372,301.26273,157.1284,300.97552,154.69897,0.7188721,1.92040105045083,0.408831447270779,275.0682,358.00186,273.72455,358.12994,274.99753,358.07004,0.13885498,2.75087428872775,0.625166729061858
a3_s8_t2_color.avi,a3,s8,t2,389.02185,238.03842,355.0439,244.8995,365.1281,244.5166,30.371918,9.24157184912997,1.3072511804755,558.9882,113.9971,559.0161,113.999664,559.0261,114.019196,0.05999756,122.386084372119,0.629598608410111
a3_s8_t2_color.avi,a3,s8,t2,389.02185,238.03842,355.0439,244.8995,365.1281,244.5166,30.371918,9.24157184912997,1.3072511804755,558.9882,113.9971,559.0161,113.999664,559.0261,114.019196,0.05999756,122.386084372119,0.629598608410111
a17_s3_t1_color.avi,a17,s3,t1,300.96188,153.05573,302.8842,161.63142,284.6484,172.91232,36.170074,109.107096648125,10.2886378711871,389.0027,237.03262,390.34265,243.68546,381.11765,243.54066,14.393082,77.713042825735,0.654190836954845
a17_s3_t1_color.avi,a17,s3,t1,300.96188,153.05573,302.8842,161.63142,284.6484,172.91232,36.170074,109.107096648125,10.2886378711871,389.0027,237.03262,390.34265,243.68546,381.11765,243.54066,14.393082,77.713042825735,0.654190836954845
a4_s2_t4_color.avi,a4,s2,t4,319.0146,209.99733,318.52664,209.54895,317.13956,211.29355,3.1712494,85.9069933987787,0.843985497738554,344.97623,251.03839,340.51138,250.49753,343.54333,252.13669,2.531189,21.489872539179,0.668799324046746
a4_s2_t4_color.avi,a4,s2,t4,319.0146,209.99733,318.52664,209.54895,317.13956,211.29355,3.1712494,85.9069933987787,0.843985497738554,344.97623,251.03839,340.51138,250.49753,343.54333,252.13669,2.531189,21.489872539179,0.668799324046746
a8_s7_t1_color.avi,a8,s7,t1,329.90298,216.98285,321.62747,207.04361,276.05826,177.37473,93.45285,162.84818229973,120.336796499559,388.97952,237.99239,382.57782,243.40288,382.56116,243.36804,11.794022,75.3593205700621,0.686649061266762
a8_s7_t1_color.avi,a8,s7,t1,329.90298,216.98285,321.62747,207.04361,276.05826,177.37473,93.45285,162.84818229973,120.336796499559,388.97952,237.99239,382.57782,243.40288,382.56116,243.36804,11.794022,75.3593205700621,0.686649061266762
a23_s8_t2_color.avi,a23,s8,t2,318.19998,351.13416,323.17404,336.44583,315.57587,347.02444,6.7338257,16.9799329087043,23.5294525256462,45.983665,163.03769,46.000015,163.00067,46.004692,162.98029,0.078430176,169.091216427064,0.707319368544092
a23_s8_t2_color.avi,a23,s8,t2,318.19998,351.13416,323.17404,336.44583,315.57587,347.02444,6.7338257,16.9799329087043,23.5294525256462,45.983665,163.03769,46.000015,163.00067,46.004692,162.98029,0.078430176,169.091216427064,0.707319368544092
a25_s8_t3_color.avi,a25,s8,t3,261.10187,248.95116,264.0062,248.88948,263.97427,248.84978,2.9737854,52.4173699936499,177.813638131801,46.00424,176.0073,46.014122,175.97467,46.033974,175.96933,0.06769943,121.912669931884,0.725224299059184
a25_s8_t3_color.avi,a25,s8,t3,261.10187,248.95116,264.0062,248.88948,263.97427,248.84978,2.9737854,52.4173699936499,177.813638131801,46.00424,176.0073,46.014122,175.97467,46.033974,175.96933,0.06769943,121.912669931884,0.725224299059184
a21_s6_t3_color.avi,a21,s6,t3,389.00928,236.98073,388.99042,236.99261,342.715,245.70312,55.016678,158.438619258323,2.7614619499759,46.014385,163.00018,46.017017,162.97725,45.991203,163.01497,0.037967682,27.8391485988169,0.744059202889001
a21_s6_t3_color.avi,a21,s6,t3,389.00928,236.98073,388.99042,236.99261,342.715,245.70312,55.016678,158.438619258323,2.7614619499759,46.014385,163.00018,46.017017,162.97725,45.991203,163.01497,0.037967682,27.8391485988169,0.744059202889001
a27_s1_t2_color.avi,a27,s1,t2,286.90906,176.04344,289.69583,172.39471,288.32776,237.67133,63.046585,36.1707232221457,125.871983789241,389.0201,236.99922,375.81564,241.97702,375.7443,241.89561,18.17221,110.57843340055,0.752880078233254
a27_s1_t2_color.avi,a27,s1,t2,286.90906,176.04344,289.69583,172.39471,288.32776,237.67133,63.046585,36.1707232221457,125.871983789241,389.0201,236.99922,375.81564,241.97702,375.7443,241.89561,18.17221,110.57843340055,0.752880078233254
a11_s4_t3_color.avi,a11,s4,t3,347.0043,251.00597,366.49997,249.13142,378.933,245.25693,37.67775,168.183654971742,4.99729860717118,389.0162,238.03406,389.00452,238.01665,388.42728,237.94466,0.67832947,130.984059934025,0.774220164928034
a11_s4_t3_color.avi,a11,s4,t3,347.0043,251.00597,366.49997,249.13142,378.933,245.25693,37.67775,168.183654971742,4.99729860717118,389.0162,238.03406,389.00452,238.01665,388.42728,237.94466,0.67832947,130.984059934025,0.774220164928034
a23_s4_t2_color.avi,a23,s4,t2,340.29266,302.909,331.50244,289.14908,333.87408,272.12878,37.19879,139.495785675534,8.88188600923867,279.13266,358.01584,281.67496,357.94022,276.9488,358.2552,2.4232178,2.10897705683793,0.794101959611359
a23_s4_t2_color.avi,a23,s4,t2,340.29266,302.909,331.50244,289.14908,333.87408,272.12878,37.19879,139.495785675534,8.88188600923867,279.13266,358.01584,281.67496,357.94022,276.9488,358.2552,2.4232178,2.10897705683793,0.794101959611359
a23_s1_t2_color.avi,a23,s1,t2,301.01077,129.97766,301.99448,133.8646,299.2383,131.58746,3.3822632,36.2344496788948,173.301664188824,303.831,357.01956,307.75232,356.76822,302.83432,356.41064,1.6055908,7.82595338440242,0.795723552739275
a23_s1_t2_color.avi,a23,s1,t2,301.01077,129.97766,301.99448,133.8646,299.2383,131.58746,3.3822632,36.2344496788948,173.301664188824,303.831,357.01956,307.75232,356.76822,302.83432,356.41064,1.6055908,7.82595338440242,0.795723552739275
a4_s2_t1_color.avi,a4,s2,t1,321.99414,212.9904,320.03928,212.35799,317.71457,213.85034,5.139511,129.37455322437,1.90915243299639,347.0125,251.01534,341.40634,249.84407,343.75616,250.78525,3.486435,10.0269120489092,0.803934976182874
a4_s2_t1_color.avi,a4,s2,t1,321.99414,212.9904,320.03928,212.35799,317.71457,213.85034,5.139511,129.37455322437,1.90915243299639,347.0125,251.01534,341.40634,249.84407,343.75616,250.78525,3.486435,10.0269120489092,0.803934976182874
a24_s4_t3_color.avi,a24,s4,t3,302.99277,211.97556,302.8667,219.39055,303.09937,154.56844,57.513718,0.768191287118122,170.948268350608,46.018543,175.97665,46.001114,176.01642,46.00247,176.01985,0.059272766,134.804939846743,0.868051449745789
a24_s4_t3_color.avi,a24,s4,t3,302.99277,211.97556,302.8667,219.39055,303.09937,154.56844,57.513718,0.768191287118122,170.948268350608,46.018543,175.97665,46.001114,176.01642,46.00247,176.01985,0.059272766,134.804939846743,0.868051449745789
a11_s6_t3_color.avi,a11,s6,t3,317.83206,106.04575,317.35504,106.16831,279.0405,224.48003,157.22583,122.353320611881,46.4128200934217,389.01184,237.9955,373.58633,243.79388,373.42392,243.78809,21.380508,157.354318102868,0.908152798958736
a11_s6_t3_color.avi,a11,s6,t3,317.83206,106.04575,317.35504,106.16831,279.0405,224.48003,157.22583,122.353320611881,46.4128200934217,389.01184,237.9955,373.58633,243.79388,373.42392,243.78809,21.380508,157.354318102868,0.908152798958736
a25_s5_t2_color.avi,a25,s5,t2,279.86322,167.95427,277.7106,189.2204,281.29562,243.2558,76.73393,170.424288657518,19.1927594090531,46.025578,176.01363,46.01197,176.02771,45.980896,176.02747,0.05852127,133.56332333808,0.90938044919937
a25_s5_t2_color.avi,a25,s5,t2,279.86322,167.95427,277.7106,189.2204,281.29562,243.2558,76.73393,170.424288657518,19.1927594090531,46.025578,176.01363,46.01197,176.02771,45.980896,176.02747,0.05852127,133.56332333808,0.90938044919937
a6_s4_t2_color.avi,a6,s4,t2,346.9918,251.01117,333.3499,251.48509,347.8754,250.96637,0.92840576,0.056913563754364,2.47694537647899,262.99786,244.99844,273.24542,244.82126,263.121,245.66273,0.7874298,3.76061750346732,0.929732381391221
a6_s4_t2_color.avi,a6,s4,t2,346.9918,251.01117,333.3499,251.48509,347.8754,250.96637,0.92840576,0.056913563754364,2.47694537647899,262.99786,244.99844,273.24542,244.82126,263.121,245.66273,0.7874298,3.76061750346732,0.929732381391221
a15_s3_t4_color.avi,a15,s3,t4,299.7889,359.94974,290.35516,359.3493,302.2234,358.87106,3.513153,5.94936911826305,3.1893881779144,273.78604,358.02686,262.1306,358.35626,276.80417,357.89963,3.1453552,0.162305756490683,0.955564899798013
a15_s3_t4_color.avi,a15,s3,t4,299.7889,359.94974,290.35516,359.3493,302.2234,358.87106,3.513153,5.94936911826305,3.1893881779144,273.78604,358.02686,262.1306,358.35626,276.80417,357.89963,3.1453552,0.162305756490683,0.955564899798013
a14_s2_t3_color.avi,a14,s2,t3,388.98096,238.0069,388.98575,237.9889,321.6318,207.51454,97.84151,99.4311585289898,5.69131408424409,559.98505,113.001564,560.0033,112.98975,560.00714,112.97403,0.04962921,136.650730142973,0.971021931078822
a14_s2_t3_color.avi,a14,s2,t3,388.98096,238.0069,388.98575,237.9889,321.6318,207.51454,97.84151,99.4311585289898,5.69131408424409,559.98505,113.001564,560.0033,112.98975,560.00714,112.97403,0.04962921,136.650730142973,0.971021931078822
a14_s6_t1_color.avi,a14,s6,t1,316.9432,107.04177,316.4034,107.16184,325.0335,117.78213,18.830658,63.4431601986402,18.6241528928961,288.91946,358.05127,287.66925,358.0769,286.22592,358.08014,2.722412,178.953750619792,0.971021931078822
a14_s6_t1_color.avi,a14,s6,t1,316.9432,107.04177,316.4034,107.16184,325.0335,117.78213,18.830658,63.4431601986402,18.6241528928961,288.91946,358.05127,287.66925,358.0769,286.22592,358.08014,2.722412,178.953750619792,0.971021931078822
a25_s6_t2_color.avi,a25,s6,t2,269.18283,106.05846,278.4004,161.45543,290.25925,195.91013,110.928085,170.454176670196,142.368746918346,593.9877,178.96436,594.0208,179.00237,594.0549,179.00128,0.10412598,129.264475671241,0.971021931079197
a25_s6_t2_color.avi,a25,s6,t2,269.18283,106.05846,278.4004,161.45543,290.25925,195.91013,110.928085,170.454176670196,142.368746918346,593.9877,178.96436,594.0208,179.00237,594.0549,179.00128,0.10412598,129.264475671241,0.971021931079197
a27_s1_t4_color.avi,a27,s1,t4,299.96426,358.0114,299.68427,358.0083,313.259,368.77185,24.055176,37.7743184919097,5.45982404200012,388.96936,236.97963,372.9881,244.91716,372.88998,244.91104,24.010788,150.01888295781,1.05651741489337
a27_s1_t4_color.avi,a27,s1,t4,299.96426,358.0114,299.68427,358.0083,313.259,368.77185,24.055176,37.7743184919097,5.45982404200012,388.96936,236.97963,372.9881,244.91716,372.88998,244.91104,24.010788,150.01888295781,1.05651741489337
a5_s1_t3_color.avi,a5,s1,t3,347.3605,249.98302,336.33942,200.60657,313.62256,184.1801,99.54086,138.453018838513,23.7873069348887,389.0069,237.99481,374.75653,243.07776,375.54047,241.24638,16.718002,47.1954914471394,1.07608203516319
a5_s1_t3_color.avi,a5,s1,t3,347.3605,249.98302,336.33942,200.60657,313.62256,184.1801,99.54086,138.453018838513,23.7873069348887,389.0069,237.99481,374.75653,243.07776,375.54047,241.24638,16.718002,47.1954914471394,1.07608203516319
a5_s1_t4_color.avi,a5,s1,t4,343.88937,283.8519,357.2915,194.17578,310.03043,113.71961,203.99124,141.069468482712,15.4550695392606,388.95566,238.01898,375.89984,243.12126,376.05942,243.17552,18.05278,40.1252150211794,1.09838985510175
a5_s1_t4_color.avi,a5,s1,t4,343.88937,283.8519,357.2915,194.17578,310.03043,113.71961,203.99124,141.069468482712,15.4550695392606,388.95566,238.01898,375.89984,243.12126,376.05942,243.17552,18.05278,40.1252150211794,1.09838985510175
a20_s6_t2_color.avi,a20,s6,t2,318.7239,106.03386,317.7505,106.514786,392.06033,210.37271,177.67528,80.7085497591693,167.11129833401,389.0278,236.95586,367.58035,244.05687,369.28485,244.02676,26.813858,17.3072514888509,1.11139597030675
a20_s6_t2_color.avi,a20,s6,t2,318.7239,106.03386,317.7505,106.514786,392.06033,210.37271,177.67528,80.7085497591693,167.11129833401,389.0278,236.95586,367.58035,244.05687,369.28485,244.02676,26.813858,17.3072514888509,1.11139597030675
a18_s8_t3_color.avi,a18,s8,t3,352.9305,281.0143,346.38394,274.61954,348.09064,274.64835,11.205841,43.3609420394598,20.2962516974668,388.98734,237.02902,393.52286,237.37422,385.62338,240.93701,7.271942,28.6285425417008,1.17078924707603
a18_s8_t3_color.avi,a18,s8,t3,352.9305,281.0143,346.38394,274.61954,348.09064,274.64835,11.205841,43.3609420394598,20.2962516974668,388.98734,237.02902,393.52286,237.37422,385.62338,240.93701,7.271942,28.6285425417008,1.17078924707603
a1_s6_t2_color.avi,a1,s6,t2,341.12344,306.97824,340.6484,273.13416,339.66864,266.31763,42.115417,172.624830678253,140.978231463926,389.0057,237.9667,407.11414,247.31786,407.5694,247.20401,27.800995,138.648416296211,1.18198891663163
a1_s6_t2_color.avi,a1,s6,t2,341.12344,306.97824,340.6484,273.13416,339.66864,266.31763,42.115417,172.624830678253,140.978231463926,389.0057,237.9667,407.11414,247.31786,407.5694,247.20401,27.800995,138.648416296211,1.18198891663163
a10_s4_t2_color.avi,a10,s4,t2,344.95142,250.96689,316.54694,185.9242,320.67062,211.24382,64.00386,14.3408669921956,134.087958752959,388.99872,238.02963,374.6564,244.4158,374.87448,244.30199,20.396591,3.55823322529531,1.19204561793036
a10_s4_t2_color.avi,a10,s4,t2,344.95142,250.96689,316.54694,185.9242,320.67062,211.24382,64.00386,14.3408669921956,134.087958752959,388.99872,238.02963,374.6564,244.4158,374.87448,244.30199,20.396591,3.55823322529531,1.19204561793036
a23_s6_t1_color.avi,a23,s6,t1,343.91357,249.99146,353.92496,249.6828,326.58804,204.78708,62.529907,60.4287381555789,30.3397529549635,323.99545,357.01938,332.5211,356.77893,332.8768,356.7296,9.171112,173.722235616367,1.22408252217626
a23_s6_t1_color.avi,a23,s6,t1,343.91357,249.99146,353.92496,249.6828,326.58804,204.78708,62.529907,60.4287381555789,30.3397529549635,323.99545,357.01938,332.5211,356.77893,332.8768,356.7296,9.171112,173.722235616367,1.22408252217626
a10_s6_t1_color.avi,a10,s6,t1,318.68832,106.041145,316.24515,106.20297,319.11713,240.14943,134.53708,92.5612234883762,70.2939240378104,388.98398,237.98639,388.97302,237.98122,392.97583,239.7866,5.7920685,0.997066627930181,1.29389371772818
a10_s6_t1_color.avi,a10,s6,t1,318.68832,106.041145,316.24515,106.20297,319.11713,240.14943,134.53708,92.5612234883762,70.2939240378104,388.98398,237.98639,388.97302,237.98122,392.97583,239.7866,5.7920685,0.997066627930181,1.29389371772818
a6_s7_t4_color.avi,a6,s7,t4,289.01886,230.00761,285.61325,204.53122,283.72583,212.43233,22.868317,21.0490587145038,10.4670193404533,343.0105,250.02998,331.11646,247.32828,339.71262,247.34883,5.9790344,12.6604574492599,1.36716297037816
a6_s7_t4_color.avi,a6,s7,t4,289.01886,230.00761,285.61325,204.53122,283.72583,212.43233,22.868317,21.0490587145038,10.4670193404533,343.0105,250.02998,331.11646,247.32828,339.71262,247.34883,5.9790344,12.6604574492599,1.36716297037816
a3_s2_t4_color.avi,a3,s2,t4,388.99347,238.01471,312.92236,168.92847,316.1315,167.35756,143.51912,68.3273468662526,147.259157580565,40.020336,171.96977,40.015213,172.00078,39.99532,171.97975,0.034996033,52.7963326380022,1.37369097638052
a3_s2_t4_color.avi,a3,s2,t4,388.99347,238.01471,312.92236,168.92847,316.1315,167.35756,143.51912,68.3273468662526,147.259157580565,40.020336,171.96977,40.015213,172.00078,39.99532,171.97975,0.034996033,52.7963326380022,1.37369097638052
a2_s1_t3_color.avi,a2,s1,t3,401.00876,239.99857,401.0163,239.98901,343.47827,289.84442,107.37634,10.8135150401936,5.135877450701,297.0642,178.95482,294.60785,179.55338,296.9033,179.55391,0.76000977,13.7080530916887,1.39152665254822
a2_s1_t3_color.avi,a2,s1,t3,401.00876,239.99857,401.0163,239.98901,343.47827,289.84442,107.37634,10.8135150401936,5.135877450701,297.0642,178.95482,294.60785,179.55338,296.9033,179.55391,0.76000977,13.7080530916887,1.39152665254822
a21_s3_t4_color.avi,a21,s3,t4,321.04086,357.01752,322.04248,365.10532,325.30026,368.39066,15.632538,142.301049965811,4.28329997556539,271.08298,357.96387,263.90045,358.5652,275.95453,357.3192,5.516205,1.11586109950452,1.40549622182179
a21_s3_t4_color.avi,a21,s3,t4,321.04086,357.01752,322.04248,365.10532,325.30026,368.39066,15.632538,142.301049965811,4.28329997556539,271.08298,357.96387,263.90045,358.5652,275.95453,357.3192,5.516205,1.11586109950452,1.40549622182179
a14_s5_t3_color.avi,a14,s5,t3,389.02066,237.99257,388.99963,238.01755,366.96576,244.47156,28.53389,146.416127649573,16.0385728459401,45.98189,162.97684,45.99399,162.97845,46.01696,163.02925,0.08748245,121.944287748845,1.43209618416429
a14_s5_t3_color.avi,a14,s5,t3,389.02066,237.99257,388.99963,238.01755,366.96576,244.47156,28.53389,146.416127649573,16.0385728459401,45.98189,162.97684,45.99399,162.97845,46.01696,163.02925,0.08748245,121.944287748845,1.43209618416429
a25_s3_t1_color.avi,a25,s3,t1,300.9777,152.03056,300.65985,159.32617,301.0595,215.43811,63.489365,177.097413938841,9.06697939829814,45.98975,174.95416,46.010777,174.94165,46.013294,174.92041,0.057296753,127.51539229988,1.43209618416455
a25_s3_t1_color.avi,a25,s3,t1,300.9777,152.03056,300.65985,159.32617,301.0595,215.43811,63.489365,177.097413938841,9.06697939829814,45.98975,174.95416,46.010777,174.94165,46.013294,174.92041,0.057296753,127.51539229988,1.43209618416455
a18_s8_t4_color.avi,a18,s8,t4,294.028,283.0199,301.9389,278.84753,301.09067,278.40097,11.68158,55.5731543162385,155.739200415132,388.99884,237.01784,397.68878,218.77179,385.18286,237.68498,4.483124,8.00697206808564,1.43858199467018
a18_s8_t4_color.avi,a18,s8,t4,294.028,283.0199,301.9389,278.84753,301.09067,278.40097,11.68158,55.5731543162385,155.739200415132,388.99884,237.01784,397.68878,218.77179,385.18286,237.68498,4.483124,8.00697206808564,1.43858199467018
a1_s4_t3_color.avi,a1,s4,t3,347.1454,250.94577,328.5767,204.58165,329.60135,211.85835,56.631454,13.8106380032686,5.21456161168054,388.99658,238.03767,375.4983,246.32391,375.236,246.36142,22.084335,156.592920736113,1.45688890359618
a1_s4_t3_color.avi,a1,s4,t3,347.1454,250.94577,328.5767,204.58165,329.60135,211.85835,56.631454,13.8106380032686,5.21456161168054,388.99658,238.03767,375.4983,246.32391,375.236,246.36142,22.084335,156.592920736113,1.45688890359618
a14_s5_t4_color.avi,a14,s5,t4,389.0382,238.00659,389.02988,238.00554,364.31888,244.15135,30.86409,158.830975020634,2.5115449281328,559.98535,112.99716,559.96326,113.001595,560.0032,113.02145,0.04210663,37.786439132384,1.4688007143857
a14_s5_t4_color.avi,a14,s5,t4,389.0382,238.00659,389.02988,238.00554,364.31888,244.15135,30.86409,158.830975020634,2.5115449281328,559.98535,112.99716,559.96326,113.001595,560.0032,113.02145,0.04210663,37.786439132384,1.4688007143857
a1_s5_t2_color.avi,a1,s5,t2,279.95627,169.00185,277.18924,170.02148,249.44987,196.06047,57.565018,157.03961146577,62.9145775522319,388.97763,237.98625,365.06937,244.95929,362.3772,245.0496,33.663788,165.661680277743,1.49404036382477
a1_s5_t2_color.avi,a1,s5,t2,279.95627,169.00185,277.18924,170.02148,249.44987,196.06047,57.565018,157.03961146577,62.9145775522319,388.97763,237.98625,365.06937,244.95929,362.3772,245.0496,33.663788,165.661680277743,1.49404036382477
a21_s6_t4_color.avi,a21,s6,t4,317.08032,105.97021,319.25308,253.12317,354.2991,254.37698,185.62555,92.8948821788002,14.1986300733059,388.98978,236.99911,389.00922,237.02802,344.54605,245.39594,52.840546,66.7315662529683,1.58716834367024
a21_s6_t4_color.avi,a21,s6,t4,317.08032,105.97021,319.25308,253.12317,354.2991,254.37698,185.62555,92.8948821788002,14.1986300733059,388.98978,236.99911,389.00922,237.02802,344.54605,245.39594,52.840546,66.7315662529683,1.58716834367024
a22_s6_t1_color.avi,a22,s6,t1,318.10956,105.9845,316.23392,106.419235,313.44464,116.50631,15.186729,118.506828675798,169.783085808313,40.023617,170.9549,40.014305,170.96161,39.980183,170.99117,0.079704285,174.89366155919,1.59114027119458
a22_s6_t1_color.avi,a22,s6,t1,318.10956,105.9845,316.23392,106.419235,313.44464,116.50631,15.186729,118.506828675798,169.783085808313,40.023617,170.9549,40.014305,170.96161,39.980183,170.99117,0.079704285,174.89366155919,1.59114027119458
a18_s6_t4_color.avi,a18,s6,t4,343.0251,306.07782,342.85757,271.26013,344.1135,271.22287,35.94336,91.4237598784213,125.632555150086,283.01645,104.96086,282.2619,105.02709,284.23926,105.311035,1.5729828,13.1879811354016,1.6846843178965
a18_s6_t4_color.avi,a18,s6,t4,343.0251,306.07782,342.85757,271.26013,344.1135,271.22287,35.94336,91.4237598784213,125.632555150086,283.01645,104.96086,282.2619,105.02709,284.23926,105.311035,1.5729828,13.1879811354016,1.6846843178965
a2_s2_t3_color.avi,a2,s2,t3,324.87048,213.01317,319.97318,204.03027,374.51996,253.60956,90.245865,19.1329080086328,168.419786289898,389.0122,237.96608,389.02908,237.99396,379.90088,239.51474,10.659988,68.2695481842272,1.69806253800028
a2_s2_t3_color.avi,a2,s2,t3,324.87048,213.01317,319.97318,204.03027,374.51996,253.60956,90.245865,19.1329080086328,168.419786289898,389.0122,237.96608,389.02908,237.99396,379.90088,239.51474,10.659988,68.2695481842272,1.69806253800028
a3_s6_t4_color.avi,a3,s6,t4,319.99454,105.98712,322.56845,106.66665,321.30215,107.0055,2.3259964,29.7699239699132,5.21747506123336,560.0264,113.04135,560.0097,113.00764,559.9996,113.005356,0.06285095,129.071840154043,1.73570458892814
a3_s6_t4_color.avi,a3,s6,t4,319.99454,105.98712,322.56845,106.66665,321.30215,107.0055,2.3259964,29.7699239699132,5.21747506123336,560.0264,113.04135,560.0097,113.00764,559.9996,113.005356,0.06285095,129.071840154043,1.73570458892814
a8_s7_t3_color.avi,a8,s7,t3,260.92615,249.01833,261.252,249.30891,297.45895,229.46658,56.08455,109.55146274754,151.547831346343,388.9863,237.98871,369.39474,246.88791,369.34344,246.8774,28.53154,143.989013079646,1.8089644806025
a8_s7_t3_color.avi,a8,s7,t3,260.92615,249.01833,261.252,249.30891,297.45895,229.46658,56.08455,109.55146274754,151.547831346343,388.9863,237.98871,369.39474,246.88791,369.34344,246.8774,28.53154,143.989013079646,1.8089644806025
a11_s5_t3_color.avi,a11,s5,t3,277.90857,169.99478,274.58582,171.79225,276.57318,169.12785,2.2023163,24.86934384358,8.53773646251594E-07,45.99011,176.0154,45.979454,176.01028,46.0017,175.96463,0.062358856,89.6503850166607,1.84092234934263
a11_s5_t3_color.avi,a11,s5,t3,277.90857,169.99478,274.58582,171.79225,276.57318,169.12785,2.2023163,24.86934384358,8.53773646251594E-07,45.99011,176.0154,45.979454,176.01028,46.0017,175.96463,0.062358856,89.6503850166607,1.84092234934263
a18_s6_t1_color.avi,a18,s6,t1,279.1204,106.01287,281.28363,106.11427,281.72855,106.16732,2.7626038,175.884465587625,1.301952672579,319.09833,105.95918,320.19623,105.95825,320.62665,105.98639,1.5555267,176.211264170579,1.84761026599452
a18_s6_t1_color.avi,a18,s6,t1,279.1204,106.01287,281.28363,106.11427,281.72855,106.16732,2.7626038,175.884465587625,1.301952672579,319.09833,105.95918,320.19623,105.95825,320.62665,105.98639,1.5555267,176.211264170579,1.84761026599452
a5_s1_t1_color.avi,a5,s1,t1,346.18994,285.82,362.7138,186.69246,353.0256,235.64934,57.006332,1.72990970501424,5.00856114758385,388.03943,237.98602,365.84418,224.38388,359.71213,253.02934,43.37062,70.5811373130435,1.86850097979384
a5_s1_t1_color.avi,a5,s1,t1,346.18994,285.82,362.7138,186.69246,353.0256,235.64934,57.006332,1.72990970501424,5.00856114758385,388.03943,237.98602,365.84418,224.38388,359.71213,253.02934,43.37062,70.5811373130435,1.86850097979384
a16_s4_t4_color.avi,a16,s4,t4,343.9564,249.99551,327.28192,251.6009,329.49298,299.07593,63.543823,92.8328839945867,74.2882981966274,327.97943,357.01498,328.23532,357.02954,327.69623,357.02554,0.2937622,2.83103460544404,1.90123646461459
a16_s4_t4_color.avi,a16,s4,t4,343.9564,249.99551,327.28192,251.6009,329.49298,299.07593,63.543823,92.8328839945867,74.2882981966274,327.97943,357.01498,328.23532,357.02954,327.69623,357.02554,0.2937622,2.83103460544404,1.90123646461459
a26_s1_t4_color.avi,a26,s1,t4,347.33292,250.00377,351.08102,250.08542,321.3622,198.1087,77.86577,58.992354068698,23.0214803454674,306.3198,356.99307,305.2195,357.37003,309.49707,368.4329,14.617096,87.7718736800114,1.94820838981083
a26_s1_t4_color.avi,a26,s1,t4,347.33292,250.00377,351.08102,250.08542,321.3622,198.1087,77.86577,58.992354068698,23.0214803454674,306.3198,356.99307,305.2195,357.37003,309.49707,368.4329,14.617096,87.7718736800114,1.94820838981083
a17_s4_t2_color.avi,a17,s4,t2,341.14304,251.00859,343.36664,250.41946,334.27255,214.2241,43.65497,90.7355116364467,5.4697827822341,389.0254,237.99684,389.0207,238.01735,360.5286,247.18933,37.689285,120.75146046349,2.08583390543677
a17_s4_t2_color.avi,a17,s4,t2,341.14304,251.00859,343.36664,250.41946,334.27255,214.2241,43.65497,90.7355116364467,5.4697827822341,389.0254,237.99684,389.0207,238.01735,360.5286,247.18933,37.689285,120.75146046349,2.08583390543677
a22_s7_t1_color.avi,a22,s7,t1,296.0234,357.99234,295.78116,412.289,291.58005,368.63678,15.087799,5.75288024137523,8.70856453700962,299.049,340.106,302.57812,337.8172,295.3154,340.7253,4.352936,11.1432474713403,2.11385830198829
a22_s7_t1_color.avi,a22,s7,t1,296.0234,357.99234,295.78116,412.289,291.58005,368.63678,15.087799,5.75288024137523,8.70856453700962,299.049,340.106,302.57812,337.8172,295.3154,340.7253,4.352936,11.1432474713403,2.11385830198829
a4_s6_t2_color.avi,a4,s6,t2,338.06134,356.98465,337.7401,356.98386,336.8723,356.9336,1.2400818,176.826717506419,4.76364169072614,318.0565,105.983345,318.409,106.01879,317.06808,106.0706,1.0756607,7.95476648798102,2.22801665454054
a4_s6_t2_color.avi,a4,s6,t2,338.06134,356.98465,337.7401,356.98386,336.8723,356.9336,1.2400818,176.826717506419,4.76364169072614,318.0565,105.983345,318.409,106.01879,317.06808,106.0706,1.0756607,7.95476648798102,2.22801665454054
a19_s4_t4_color.avi,a19,s4,t4,342.22278,251.01372,334.27774,240.16232,328.2897,300.9758,63.895157,41.833918964273,112.818258818056,282.18903,205.02727,285.1576,205.87988,284.80722,204.23553,3.4099274,61.9466572383936,2.29061004263859
a19_s4_t4_color.avi,a19,s4,t4,342.22278,251.01372,334.27774,240.16232,328.2897,300.9758,63.895157,41.833918964273,112.818258818056,282.18903,205.02727,285.1576,205.87988,284.80722,204.23553,3.4099274,61.9466572383936,2.29061004263859
a27_s2_t1_color.avi,a27,s2,t1,306.02216,358.0726,309.66028,363.05847,307.32373,342.51416,16.860016,29.6292355322747,15.9851476740128,323.04156,212.00322,324.40692,247.51517,324.53897,211.12212,2.3785095,2.40969744362254,2.30572122151583
a27_s2_t1_color.avi,a27,s2,t1,306.02216,358.0726,309.66028,363.05847,307.32373,342.51416,16.860016,29.6292355322747,15.9851476740128,323.04156,212.00322,324.40692,247.51517,324.53897,211.12212,2.3785095,2.40969744362254,2.30572122151583
a11_s6_t4_color.avi,a11,s6,t4,318.13504,106.005196,335.48022,94.34253,300.29715,90.884285,32.9588,39.5300835893695,1.89452451141038,388.99963,236.99054,389.01654,237.01431,413.12302,242.17445,29.307297,137.501404905479,2.35319308344835
a11_s6_t4_color.avi,a11,s6,t4,318.13504,106.005196,335.48022,94.34253,300.29715,90.884285,32.9588,39.5300835893695,1.89452451141038,388.99963,236.99054,389.01654,237.01431,413.12302,242.17445,29.307297,137.501404905479,2.35319308344835
a24_s3_t4_color.avi,a24,s3,t4,302.02295,216.04854,302.4409,234.40646,301.4525,153.39192,63.22705,0.605355976386602,47.3850045474358,540.00323,134.00865,539.9818,133.98532,539.9309,134.00613,0.07484436,110.321295138114,2.3762029574618
a24_s3_t4_color.avi,a24,s3,t4,302.02295,216.04854,302.4409,234.40646,301.4525,153.39192,63.22705,0.605355976386602,47.3850045474358,540.00323,134.00865,539.9818,133.98532,539.9309,134.00613,0.07484436,110.321295138114,2.3762029574618
a27_s7_t1_color.avi,a27,s7,t1,310.10974,223.06764,306.13354,246.93561,307.25665,215.51357,10.407166,7.41109901172954,1.77143285445236,301.031,358.01495,301.63617,365.35663,303.77832,361.87817,6.6105347,36.3383380889874,2.52210189147913
a27_s7_t1_color.avi,a27,s7,t1,310.10974,223.06764,306.13354,246.93561,307.25665,215.51357,10.407166,7.41109901172954,1.77143285445236,301.031,358.01495,301.63617,365.35663,303.77832,361.87817,6.6105347,36.3383380889874,2.52210189147913
a5_s7_t2_color.avi,a5,s7,t2,388.99716,238.02235,322.8156,187.62476,302.85574,157.72292,166.44086,161.01308936775,22.6686975433353,46.98137,164.02286,47.00143,163.99352,46.97234,163.97499,0.05689621,88.1274042762681,2.60256220249966
a5_s7_t2_color.avi,a5,s7,t2,388.99716,238.02235,322.8156,187.62476,302.85574,157.72292,166.44086,161.01308936775,22.6686975433353,46.98137,164.02286,47.00143,163.99352,46.97234,163.97499,0.05689621,88.1274042762681,2.60256220249966
a13_s2_t4_color.avi,a13,s2,t4,345.04367,251.01596,328.13037,253.36604,332.1545,324.92606,86.799255,94.6919211387152,75.1641114234709,301.98898,159.07362,302.21732,158.16855,302.18155,159.67178,0.7907257,12.7961652439504,2.60256220249966
a13_s2_t4_color.avi,a13,s2,t4,345.04367,251.01596,328.13037,253.36604,332.1545,324.92606,86.799255,94.6919211387152,75.1641114234709,301.98898,159.07362,302.21732,158.16855,302.18155,159.67178,0.7907257,12.7961652439504,2.60256220249966
a5_s6_t4_color.avi,a5,s6,t4,266.99423,219.05043,263.0101,220.07846,262.5343,220.08301,5.492508,166.079038821107,2.51049524512428,292.04813,358.02524,291.58228,358.08847,290.5315,358.01254,1.5293274,168.137270000651,2.72631099390635
a5_s6_t4_color.avi,a5,s6,t4,266.99423,219.05043,263.0101,220.07846,262.5343,220.08301,5.492508,166.079038821107,2.51049524512428,292.04813,358.02524,291.58228,358.08847,290.5315,358.01254,1.5293274,168.137270000651,2.72631099390635
a11_s6_t2_color.avi,a11,s6,t2,320.10986,106.00773,316.50006,106.11685,318.77917,193.2087,88.531654,90.2324708289974,28.1355095518091,389.01266,237.02306,367.52835,243.91217,362.21432,244.05827,33.833557,163.796032138396,2.76752734783712
a11_s6_t2_color.avi,a11,s6,t2,320.10986,106.00773,316.50006,106.11685,318.77917,193.2087,88.531654,90.2324708289974,28.1355095518091,389.01266,237.02306,367.52835,243.91217,362.21432,244.05827,33.833557,163.796032138396,2.76752734783712
a2_s7_t2_color.avi,a2,s7,t2,325.9153,213.93333,320.55984,202.66292,343.7352,242.19128,46.077835,4.96689315050276,5.45182339781348,389.01324,237.99312,388.99982,237.98138,374.80978,238.81094,15.021286,135.505221756316,2.8507603306393
a2_s7_t2_color.avi,a2,s7,t2,325.9153,213.93333,320.55984,202.66292,343.7352,242.19128,46.077835,4.96689315050276,5.45182339781348,389.01324,237.99312,388.99982,237.98138,374.80978,238.81094,15.021286,135.505221756316,2.8507603306393
a21_s1_t4_color.avi,a21,s1,t4,283.27286,176.8393,303.64313,248.15126,302.3808,133.48102,62.466217,15.3112950607069,56.7195104341756,389.04007,237.033,389.06696,237.014,341.22183,242.10081,52.886047,29.175597988131,2.87269422563208
a21_s1_t4_color.avi,a21,s1,t4,283.27286,176.8393,303.64313,248.15126,302.3808,133.48102,62.466217,15.3112950607069,56.7195104341756,389.04007,237.033,389.06696,237.014,341.22183,242.10081,52.886047,29.175597988131,2.87269422563208
a22_s8_t4_color.avi,a22,s8,t4,338.09625,356.99213,347.98294,356.63455,351.28662,356.7452,13.437286,176.010140078909,1.82236973772411,45.985348,176.03897,45.995518,175.97942,46.01437,175.97125,0.09674072,123.104424909483,2.90191938259525
a22_s8_t4_color.avi,a22,s8,t4,338.09625,356.99213,347.98294,356.63455,351.28662,356.7452,13.437286,176.010140078909,1.82236973772411,45.985348,176.03897,45.995518,175.97942,46.01437,175.97125,0.09674072,123.104424909483,2.90191938259525
a2_s6_t2_color.avi,a2,s6,t2,319.81403,105.968925,320.04544,106.053154,315.2821,107.65319,6.2161865,38.5676365528348,8.02928054027034,269.0197,357.97546,268.6087,358.0128,269.52344,357.95972,0.5194702,1.86839124673087,2.93567344642135
a2_s6_t2_color.avi,a2,s6,t2,319.81403,105.968925,320.04544,106.053154,315.2821,107.65319,6.2161865,38.5676365528348,8.02928054027034,269.0197,357.97546,268.6087,358.0128,269.52344,357.95972,0.5194702,1.86839124673087,2.93567344642135
a18_s1_t3_color.avi,a18,s1,t3,345.06146,251.01506,328.9847,191.34518,336.6562,201.94049,57.479843,20.8271814385938,144.739266488679,283.1168,176.96841,285.1266,175.38573,285.74435,176.17076,3.4252167,89.9803312336838,3.0583785920402
a18_s1_t3_color.avi,a18,s1,t3,345.06146,251.01506,328.9847,191.34518,336.6562,201.94049,57.479843,20.8271814385938,144.739266488679,283.1168,176.96841,285.1266,175.38573,285.74435,176.17076,3.4252167,89.9803312336838,3.0583785920402
a8_s2_t3_color.avi,a8,s2,t3,322.10876,213.00558,328.99957,212.01862,376.07333,258.47708,99.436066,127.225884059881,171.552352830346,388.97244,238.0315,388.99036,237.97632,378.26678,257.56503,30.239197,10.7109314841313,3.06921556267465
a8_s2_t3_color.avi,a8,s2,t3,322.10876,213.00558,328.99957,212.01862,376.07333,258.47708,99.436066,127.225884059881,171.552352830346,388.97244,238.0315,388.99036,237.97632,378.26678,257.56503,30.239197,10.7109314841313,3.06921556267465
a10_s1_t3_color.avi,a10,s1,t3,344.94525,250.02231,298.29822,159.58727,348.78052,187.27098,66.58659,33.9753125519149,134.070567975831,388.9564,237.99454,356.896,244.32909,366.59918,244.13588,28.49855,10.0359232180136,3.07581063238458
a10_s1_t3_color.avi,a10,s1,t3,344.94525,250.02231,298.29822,159.58727,348.78052,187.27098,66.58659,33.9753125519149,134.070567975831,388.9564,237.99454,356.896,244.32909,366.59918,244.13588,28.49855,10.0359232180136,3.07581063238458
a10_s8_t2_color.avi,a10,s8,t2,388.999,238.01862,368.51562,245.72787,434.4757,199.19153,84.3038,14.5791842833176,64.5342066950957,40.0144,171.99092,39.9581,172.01018,39.976437,171.99193,0.038970947,25.980445384435,3.11905867483007
a10_s8_t2_color.avi,a10,s8,t2,388.999,238.01862,368.51562,245.72787,434.4757,199.19153,84.3038,14.5791842833176,64.5342066950957,40.0144,171.99092,39.9581,172.01018,39.976437,171.99193,0.038970947,25.980445384435,3.11905867483007
a9_s3_t1_color.avi,a9,s3,t1,388.99286,237.0161,389.00748,237.01033,329.39056,174.8299,121.7885,67.7385577328545,11.0452752484895,45.978325,162.98364,46.00474,162.98286,45.989822,163.03386,0.061714172,72.0050468950286,3.14860703833271
a9_s3_t1_color.avi,a9,s3,t1,388.99286,237.0161,389.00748,237.01033,329.39056,174.8299,121.7885,67.7385577328545,11.0452752484895,45.978325,162.98364,46.00474,162.98286,45.989822,163.03386,0.061714172,72.0050468950286,3.14860703833271
a20_s1_t2_color.avi,a20,s1,t2,344.89587,250.98572,339.4271,211.63075,337.7816,290.15607,46.284637,9.11164448463155,41.0887532898382,389.00204,237.00896,360.18146,243.87645,363.5547,243.87494,32.31334,13.3770791999754,3.20067801901256
a20_s1_t2_color.avi,a20,s1,t2,344.89587,250.98572,339.4271,211.63075,337.7816,290.15607,46.284637,9.11164448463155,41.0887532898382,389.00204,237.00896,360.18146,243.87645,363.5547,243.87494,32.31334,13.3770791999754,3.20067801901256
a3_s4_t4_color.avi,a3,s4,t4,347.15787,250.99799,326.42346,245.43596,337.8708,303.92557,62.21466,63.9101608476569,66.7341425147055,388.9897,238.02014,348.5489,247.41101,408.85544,242.92587,24.771484,8.81975048624139,3.24382816527233
a3_s4_t4_color.avi,a3,s4,t4,347.15787,250.99799,326.42346,245.43596,337.8708,303.92557,62.21466,63.9101608476569,66.7341425147055,388.9897,238.02014,348.5489,247.41101,408.85544,242.92587,24.771484,8.81975048624139,3.24382816527233
a21_s7_t2_color.avi,a21,s7,t2,297.48166,358.02097,298.2486,357.54153,293.31857,163.9914,198.19266,120.55140902987,33.3743020502586,267.4992,358.02197,272.90695,357.9226,272.4819,357.77734,5.2273254,19.9209186719161,3.29065282866833
a21_s7_t2_color.avi,a21,s7,t2,297.48166,358.02097,298.2486,357.54153,293.31857,163.9914,198.19266,120.55140902987,33.3743020502586,267.4992,358.02197,272.90695,357.9226,272.4819,357.77734,5.2273254,19.9209186719161,3.29065282866833
a2_s6_t4_color.avi,a2,s6,t4,272.0583,219.00029,295.8842,223.28452,300.93616,221.35872,31.236298,148.939654786345,171.896787768774,320.95758,106.00435,322.8477,106.17704,313.66638,106.767944,8.054794,8.90282344389188,3.32464910711084
a2_s6_t4_color.avi,a2,s6,t4,272.0583,219.00029,295.8842,223.28452,300.93616,221.35872,31.236298,148.939654786345,171.896787768774,320.95758,106.00435,322.8477,106.17704,313.66638,106.767944,8.054794,8.90282344389188,3.32464910711084
a16_s4_t1_color.avi,a16,s4,t1,343.0767,251.01079,339.0621,251.24727,343.2719,250.48076,0.72525024,6.94807684172152,0.15632173369921,328.06577,357.00467,327.32108,357.02313,327.76465,357.06674,0.3631897,7.03520016161387,3.36646066342994
a16_s4_t1_color.avi,a16,s4,t1,343.0767,251.01079,339.0621,251.24727,343.2719,250.48076,0.72525024,6.94807684172152,0.15632173369921,328.06577,357.00467,327.32108,357.02313,327.76465,357.06674,0.3631897,7.03520016161387,3.36646066342994
a11_s7_t2_color.avi,a11,s7,t2,327.8761,216.91168,308.4271,198.40805,321.74414,190.79759,32.246048,73.3203039120025,36.0623268710439,260.94968,248.99905,261.27765,249.00363,261.6654,247.71283,2.0019531,105.920596297906,3.36646066342994
a11_s7_t2_color.avi,a11,s7,t2,327.8761,216.91168,308.4271,198.40805,321.74414,190.79759,32.246048,73.3203039120025,36.0623268710439,260.94968,248.99905,261.27765,249.00363,261.6654,247.71283,2.0019531,105.920596297906,3.36646066342994
a22_s1_t3_color.avi,a22,s1,t3,329.05734,301.02698,320.54443,263.64856,329.6857,270.83115,30.824188,39.0119141451765,12.899396255566,279.12314,176.9492,278.21854,171.37903,274.51144,170.59947,10.961426,111.099931295115,3.37069968925285
a22_s1_t3_color.avi,a22,s1,t3,329.05734,301.02698,320.54443,263.64856,329.6857,270.83115,30.824188,39.0119141451765,12.899396255566,279.12314,176.9492,278.21854,171.37903,274.51144,170.59947,10.961426,111.099931295115,3.37069968925285
a19_s4_t1_color.avi,a19,s4,t1,343.98288,249.9971,317.56146,181.34659,319.71603,206.09648,68.167465,16.0748565302768,5.72725475223154,286.0067,204.99083,285.0777,206.39206,285.442,204.22766,1.3278961,23.9905373747437,3.43666404160957
a19_s4_t1_color.avi,a19,s4,t1,343.98288,249.9971,317.56146,181.34659,319.71603,206.09648,68.167465,16.0748565302768,5.72725475223154,286.0067,204.99083,285.0777,206.39206,285.442,204.22766,1.3278961,23.9905373747437,3.43666404160957
a2_s4_t3_color.avi,a2,s4,t3,263.05884,244.9961,286.21945,197.91376,295.8172,187.9705,89.78395,162.20631165292,15.7162674407532,388.9851,238.01956,389.0247,237.96043,349.99185,248.32147,49.295166,41.3348772652603,3.50972939514105
a2_s4_t3_color.avi,a2,s4,t3,263.05884,244.9961,286.21945,197.91376,295.8172,187.9705,89.78395,162.20631165292,15.7162674407532,388.9851,238.01956,389.0247,237.96043,349.99185,248.32147,49.295166,41.3348772652603,3.50972939514105
a26_s8_t1_color.avi,a26,s8,t1,302.02252,145.98193,307.92368,155.7425,300.57242,219.85558,75.323746,142.302170561728,173.412688174454,334.00894,357.02948,338.70105,356.92758,352.55463,357.44424,18.96045,176.620027324214,3.55082533354108
a26_s8_t1_color.avi,a26,s8,t1,302.02252,145.98193,307.92368,155.7425,300.57242,219.85558,75.323746,142.302170561728,173.412688174454,334.00894,357.02948,338.70105,356.92758,352.55463,357.44424,18.96045,176.620027324214,3.55082533354108
a15_s7_t2_color.avi,a15,s7,t2,281.89606,234.95694,290.22833,244.24033,333.48245,260.66193,77.29138,152.698931329806,64.2582496026926,266.95105,357.97156,266.5053,357.98273,263.15237,358.00525,3.832367,178.949497443287,3.55424661965981
a15_s7_t2_color.avi,a15,s7,t2,281.89606,234.95694,290.22833,244.24033,333.48245,260.66193,77.29138,152.698931329806,64.2582496026926,266.95105,357.97156,266.5053,357.98273,263.15237,358.00525,3.832367,178.949497443287,3.55424661965981
a15_s1_t3_color.avi,a15,s1,t3,342.05728,294.88452,338.21802,219.00005,352.1527,251.7335,53.246445,20.163207443662,4.03757459317697,388.9814,236.99423,338.29666,211.28276,351.0998,247.41469,48.30208,43.5906634389592,3.67824992837485
a15_s1_t3_color.avi,a15,s1,t3,342.05728,294.88452,338.21802,219.00005,352.1527,251.7335,53.246445,20.163207443662,4.03757459317697,388.9814,236.99423,338.29666,211.28276,351.0998,247.41469,48.30208,43.5906634389592,3.67824992837485
a27_s3_t2_color.avi,a27,s3,t2,271.99524,296.9223,274.06042,293.40634,270.78116,357.4267,61.718475,27.4966316505018,138.813556527461,301.00195,153.0661,301.3001,154.33281,301.42288,209.55983,56.914658,166.88222943644,3.71185368877069
a27_s3_t2_color.avi,a27,s3,t2,271.99524,296.9223,274.06042,293.40634,270.78116,357.4267,61.718475,27.4966316505018,138.813556527461,301.00195,153.0661,301.3001,154.33281,301.42288,209.55983,56.914658,166.88222943644,3.71185368877069
a27_s4_t2_color.avi,a27,s4,t2,303.97775,357.95908,304.57217,363.91898,304.89285,347.55518,11.319,6.81836117921659,7.13036975978084,307.97235,339.02026,306.6249,354.66953,307.4972,337.98053,1.5148926,1.92918303446235,3.71528910542872
a27_s4_t2_color.avi,a27,s4,t2,303.97775,357.95908,304.57217,363.91898,304.89285,347.55518,11.319,6.81836117921659,7.13036975978084,307.97235,339.02026,306.6249,354.66953,307.4972,337.98053,1.5148926,1.92918303446235,3.71528910542872
a10_s5_t3_color.avi,a10,s5,t3,276.10507,169.98494,275.80536,170.62492,274.7668,172.53546,3.8887787,176.566425709402,17.714362400444,539.98755,134.021,539.9716,133.99619,540.0349,133.99837,0.069992065,55.3223828366685,3.81595510248051
a10_s5_t3_color.avi,a10,s5,t3,276.10507,169.98494,275.80536,170.62492,274.7668,172.53546,3.8887787,176.566425709402,17.714362400444,539.98755,134.021,539.9716,133.99619,540.0349,133.99837,0.069992065,55.3223828366685,3.81595510248051
a23_s7_t3_color.avi,a23,s7,t3,298.0481,357.9757,290.743,352.86597,307.2958,397.10187,48.37387,34.5125465949897,11.4518757462921,306.05798,336.976,299.527,329.16837,300.123,336.58563,6.3253784,35.3181075460158,3.87734834556692
a23_s7_t3_color.avi,a23,s7,t3,298.0481,357.9757,290.743,352.86597,307.2958,397.10187,48.37387,34.5125465949897,11.4518757462921,306.05798,336.976,299.527,329.16837,300.123,336.58563,6.3253784,35.3181075460158,3.87734834556692
a2_s1_t2_color.avi,a2,s1,t2,401.01608,239.97862,401.0095,239.99084,350.43207,299.31528,109.92067,167.889684848439,4.84195832355938,296.95035,179.00021,294.84097,177.57811,296.34738,177.94887,1.6543121,20.1603141264691,3.91173792017781
a2_s1_t2_color.avi,a2,s1,t2,401.01608,239.97862,401.0095,239.99084,350.43207,299.31528,109.92067,167.889684848439,4.84195832355938,296.95035,179.00021,294.84097,177.57811,296.34738,177.94887,1.6543121,20.1603141264691,3.91173792017781
a23_s3_t2_color.avi,a23,s3,t2,317.9482,356.95697,328.05127,356.7173,328.62665,356.63687,10.998535,173.402975391841,3.7313969991605,266.94012,357.9718,273.49606,357.69666,271.6165,357.7793,4.868866,0.113905730456251,4.1369498077239
a23_s3_t2_color.avi,a23,s3,t2,317.9482,356.95697,328.05127,356.7173,328.62665,356.63687,10.998535,173.402975391841,3.7313969991605,266.94012,357.9718,273.49606,357.69666,271.6165,357.7793,4.868866,0.113905730456251,4.1369498077239
a21_s2_t2_color.avi,a21,s2,t2,308.14856,210.02478,317.7197,257.9356,295.78656,164.07664,58.310135,1.85575700288629,21.5565587387371,388.98407,236.99104,388.97458,237.03453,368.7053,243.9329,27.220642,121.106814381893,4.17570659610542
a21_s2_t2_color.avi,a21,s2,t2,308.14856,210.02478,317.7197,257.9356,295.78656,164.07664,58.310135,1.85575700288629,21.5565587387371,388.98407,236.99104,388.97458,237.03453,368.7053,243.9329,27.220642,121.106814381893,4.17570659610542
a14_s4_t1_color.avi,a14,s4,t1,342.95575,251.03174,348.37866,240.69038,317.21603,192.44708,84.32437,119.467563630252,132.04892114049,389.00806,237.98677,389.02707,238.03392,336.95343,246.85168,60.91954,77.6497979989249,4.17755179090295
a14_s4_t1_color.avi,a14,s4,t1,342.95575,251.03174,348.37866,240.69038,317.21603,192.44708,84.32437,119.467563630252,132.04892114049,389.00806,237.98677,389.02707,238.03392,336.95343,246.85168,60.91954,77.6497979989249,4.17755179090295
a4_s6_t3_color.avi,a4,s6,t3,278.17538,105.99978,279.2238,106.18787,279.57962,106.05759,1.4620438,149.720230143424,1.02303018866759,318.12872,105.98804,317.6842,106.03081,318.60748,105.973946,0.49285126,1.97158685357506,4.21032541922417
a4_s6_t3_color.avi,a4,s6,t3,278.17538,105.99978,279.2238,106.18787,279.57962,106.05759,1.4620438,149.720230143424,1.02303018866759,318.12872,105.98804,317.6842,106.03081,318.60748,105.973946,0.49285126,1.97158685357506,4.21032541922417
a3_s2_t2_color.avi,a3,s2,t2,346.90805,250.99925,342.89456,219.2481,361.04034,259.8505,22.983536,16.876307304097,162.234472803617,389.01938,238.00061,357.05762,245.71523,379.83945,245.0289,16.208221,11.8443771840037,4.30820771699263
a3_s2_t2_color.avi,a3,s2,t2,346.90805,250.99925,342.89456,219.2481,361.04034,259.8505,22.983536,16.876307304097,162.234472803617,389.01938,238.00061,357.05762,245.71523,379.83945,245.0289,16.208221,11.8443771840037,4.30820771699263
a6_s3_t1_color.avi,a6,s3,t1,275.95862,357.9992,275.02835,358.07834,273.75928,358.08484,2.2849731,175.431395747562,160.280786146088,325.95856,357.0256,325.0963,357.0794,323.98328,357.0581,2.007782,175.333091015431,4.39870535499567
a6_s3_t1_color.avi,a6,s3,t1,275.95862,357.9992,275.02835,358.07834,273.75928,358.08484,2.2849731,175.431395747562,160.280786146088,325.95856,357.0256,325.0963,357.0794,323.98328,357.0581,2.007782,175.333091015431,4.39870535499567
a17_s2_t4_color.avi,a17,s2,t4,289.24683,210.98024,295.00812,228.8667,240.09425,317.92737,156.0997,130.488524785932,58.7357953950203,389.00107,236.98247,353.92093,243.8867,352.14816,244.0069,43.877335,172.744448432817,4.5888148343105
a17_s2_t4_color.avi,a17,s2,t4,289.24683,210.98024,295.00812,228.8667,240.09425,317.92737,156.0997,130.488524785932,58.7357953950203,389.00107,236.98247,353.92093,243.8867,352.14816,244.0069,43.877335,172.744448432817,4.5888148343105
a9_s6_t1_color.avi,a9,s6,t1,279.06653,106.02322,278.51624,106.14901,405.34628,153.63174,173.88828,33.4011417224767,7.52080420333233,318.97055,105.99637,317.05325,106.10546,393.32663,152.90724,121.26695,34.7900894702037,4.69670664236299
a9_s6_t1_color.avi,a9,s6,t1,279.06653,106.02322,278.51624,106.14901,405.34628,153.63174,173.88828,33.4011417224767,7.52080420333233,318.97055,105.99637,317.05325,106.10546,393.32663,152.90724,121.26695,34.7900894702037,4.69670664236299
a23_s5_t1_color.avi,a23,s5,t1,264.06937,312.05563,261.3985,306.3126,261.14722,305.66263,9.315155,176.195640107005,174.630329564515,281.001,169.01195,285.51468,167.50513,277.34576,169.14488,3.7881775,7.1106076527881,4.85255188616479
a23_s5_t1_color.avi,a23,s5,t1,264.06937,312.05563,261.3985,306.3126,261.14722,305.66263,9.315155,176.195640107005,174.630329564515,281.001,169.01195,285.51468,167.50513,277.34576,169.14488,3.7881775,7.1106076527881,4.85255188616479
a27_s8_t1_color.avi,a27,s8,t1,336.00684,280.9565,336.86368,274.60403,348.03622,356.89697,87.96985,15.4133810099904,6.8694780190043,334.033,356.99768,334.21173,357.0089,328.45316,357.34015,5.9223022,6.88725218391964,4.89909245378777
a27_s8_t1_color.avi,a27,s8,t1,336.00684,280.9565,336.86368,274.60403,348.03622,356.89697,87.96985,15.4133810099904,6.8694780190043,334.033,356.99768,334.21173,357.0089,328.45316,357.34015,5.9223022,6.88725218391964,4.89909245378777
a17_s2_t3_color.avi,a17,s2,t3,291.99243,212.03632,315.7553,179.8097,318.17203,107.40163,130.81429,145.507743530233,164.339664105,388.9855,237.02031,365.88373,244.37326,359.83978,244.48322,36.608627,163.386742668732,4.91613478196682
a17_s2_t3_color.avi,a17,s2,t3,291.99243,212.03632,315.7553,179.8097,318.17203,107.40163,130.81429,145.507743530233,164.339664105,388.9855,237.02031,365.88373,244.37326,359.83978,244.48322,36.608627,163.386742668732,4.91613478196682
a22_s6_t3_color.avi,a22,s6,t3,273.54883,106.01683,268.2469,106.13197,298.4238,102.265755,28.626045,6.05677193151759,28.6846327310999,268.18704,358.0042,260.388,358.11865,276.34158,357.7672,8.391541,0.420606208087007,4.93341411621454
a22_s6_t3_color.avi,a22,s6,t3,273.54883,106.01683,268.2469,106.13197,298.4238,102.265755,28.626045,6.05677193151759,28.6846327310999,268.18704,358.0042,260.388,358.11865,276.34158,357.7672,8.391541,0.420606208087007,4.93341411621454
a13_s4_t4_color.avi,a13,s4,t4,342.14304,250.95969,336.51007,219.69405,323.53833,213.4553,56.109085,125.898272709694,61.4365302290923,279.05222,358.00342,279.342,358.09378,280.688,357.92758,1.7116089,155.64257532592,5.05115252801783
a13_s4_t4_color.avi,a13,s4,t4,342.14304,250.95969,336.51007,219.69405,323.53833,213.4553,56.109085,125.898272709694,61.4365302290923,279.05222,358.00342,279.342,358.09378,280.688,357.92758,1.7116089,155.64257532592,5.05115252801783
a13_s1_t1_color.avi,a13,s1,t1,346.16476,250.96217,353.39926,250.5371,323.53998,152.61919,120.96777,76.4040124846225,16.0142627566101,388.94424,237.01646,388.96024,237.00256,374.4331,244.42445,21.919128,13.9371888431016,5.0629712733366
a13_s1_t1_color.avi,a13,s1,t1,346.16476,250.96217,353.39926,250.5371,323.53998,152.61919,120.96777,76.4040124846225,16.0142627566101,388.94424,237.01646,388.96024,237.00256,374.4331,244.42445,21.919128,13.9371888431016,5.0629712733366
a11_s1_t3_color.avi,a11,s1,t3,346.84177,250.99811,321.7645,175.14708,353.606,189.84248,67.919846,46.9313393331185,135.434074850118,389.03085,236.99757,374.58856,243.5504,356.42654,204.92172,64.68016,90.7764935422591,5.08818731991313
a11_s1_t3_color.avi,a11,s1,t3,346.84177,250.99811,321.7645,175.14708,353.606,189.84248,67.919846,46.9313393331185,135.434074850118,389.03085,236.99757,374.58856,243.5504,356.42654,204.92172,64.68016,90.7764935422591,5.08818731991313
a14_s4_t3_color.avi,a14,s4,t3,346.99512,250.99805,344.01096,247.22171,310.75577,184.85533,102.382065,169.750862408866,110.865596382327,343.0054,295.0448,387.3517,227.50072,318.5472,243.07686,76.42613,43.9571964666771,5.10908388162116
a14_s4_t3_color.avi,a14,s4,t3,346.99512,250.99805,344.01096,247.22171,310.75577,184.85533,102.382065,169.750862408866,110.865596382327,343.0054,295.0448,387.3517,227.50072,318.5472,243.07686,76.42613,43.9571964666771,5.10908388162116
a15_s4_t3_color.avi,a15,s4,t3,318.0723,203.99213,329.7713,210.61569,321.85852,205.01611,4.810211,5.76859437734782,9.8673016542676,342.205,251.00932,351.72598,251.03865,345.01605,250.80489,3.015503,1.81891803267003,5.14102029072355
a15_s4_t3_color.avi,a15,s4,t3,318.0723,203.99213,329.7713,210.61569,321.85852,205.01611,4.810211,5.76859437734782,9.8673016542676,342.205,251.00932,351.72598,251.03865,345.01605,250.80489,3.015503,1.81891803267003,5.14102029072355
a10_s6_t2_color.avi,a10,s6,t2,322.8117,103.96637,321.93832,103.92768,275.75073,51.575527,99.45181,133.956689747165,9.60772484548952,388.97693,236.96289,388.98862,236.99889,381.13553,236.30022,8.504074,66.9265929388613,5.1944289077348
a10_s6_t2_color.avi,a10,s6,t2,322.8117,103.96637,321.93832,103.92768,275.75073,51.575527,99.45181,133.956689747165,9.60772484548952,388.97693,236.96289,388.98862,236.99889,381.13553,236.30022,8.504074,66.9265929388613,5.1944289077348
a27_s7_t3_color.avi,a27,s7,t3,284.10397,262.2397,306.40622,265.84943,307.6421,222.32654,63.451263,82.4326205453314,13.6074644148647,291.08963,234.23242,280.4725,290.5713,277.05472,256.85016,36.65265,16.459712929995,5.32750917257901
a27_s7_t3_color.avi,a27,s7,t3,284.10397,262.2397,306.40622,265.84943,307.6421,222.32654,63.451263,82.4326205453314,13.6074644148647,291.08963,234.23242,280.4725,290.5713,277.05472,256.85016,36.65265,16.459712929995,5.32750917257901
a18_s1_t2_color.avi,a18,s1,t2,345.9955,249.97536,336.32965,204.86919,344.06155,283.6667,35.62529,6.49092981022829,12.05683777889,282.98474,176.98924,280.81033,179.70314,276.73682,183.27066,12.529343,169.913475843901,5.33123487517607
a18_s1_t2_color.avi,a18,s1,t2,345.9955,249.97536,336.32965,204.86919,344.06155,283.6667,35.62529,6.49092981022829,12.05683777889,282.98474,176.98924,280.81033,179.70314,276.73682,183.27066,12.529343,169.913475843901,5.33123487517607
a2_s7_t3_color.avi,a2,s7,t3,260.9594,249.04164,270.943,176.70715,288.5001,164.81682,111.7655,131.96564696131,47.1960369136414,389.0383,238.0164,389.03632,237.96922,343.12775,232.23734,51.68962,99.5243294744247,5.43492092817496
a2_s7_t3_color.avi,a2,s7,t3,260.9594,249.04164,270.943,176.70715,288.5001,164.81682,111.7655,131.96564696131,47.1960369136414,389.0383,238.0164,389.03632,237.96922,343.12775,232.23734,51.68962,99.5243294744247,5.43492092817496
a16_s6_t1_color.avi,a16,s6,t1,276.9051,104.99729,277.69284,105.04112,279.49533,105.04419,2.6371384,176.912862726996,3.57633437499737,295.97,357.95157,294.85355,357.97342,295.34964,358.01157,0.6803589,5.51825736059163,5.71059313749963
a16_s6_t1_color.avi,a16,s6,t1,276.9051,104.99729,277.69284,105.04112,279.49533,105.04419,2.6371384,176.912862726996,3.57633437499737,295.97,357.95157,294.85355,357.97342,295.34964,358.01157,0.6803589,5.51825736059163,5.71059313749963
a17_s2_t1_color.avi,a17,s2,t1,38.98763,132.94574,39.009212,132.97968,549.0361,202.01517,579.11786,130.165535274064,112.95171690118,278.05353,299.99637,292.59894,313.22873,39.019794,141.93285,397.09726,8.25413425456605,6.03674805794485
a17_s2_t1_color.avi,a17,s2,t1,38.98763,132.94574,39.009212,132.97968,549.0361,202.01517,579.11786,130.165535274064,112.95171690118,278.05353,299.99637,292.59894,313.22873,39.019794,141.93285,397.09726,8.25413425456605,6.03674805794485
a9_s7_t2_color.avi,a9,s7,t2,328.96536,218.01149,362.40378,146.26276,338.6821,271.73328,63.438522,14.2817474994519,10.7437258430734,388.98032,237.99428,388.966,237.99818,336.04697,245.09076,60.02983,172.368201449088,6.15335023697983
a9_s7_t2_color.avi,a9,s7,t2,328.96536,218.01149,362.40378,146.26276,338.6821,271.73328,63.438522,14.2817474994519,10.7437258430734,388.98032,237.99428,388.966,237.99818,336.04697,245.09076,60.02983,172.368201449088,6.15335023697983
a15_s7_t4_color.avi,a15,s7,t4,305.4483,222.02441,313.2149,235.3787,334.86542,261.47336,68.86606,170.499297549835,12.8834353453458,322.5512,217.91338,329.13995,228.98283,342.57773,256.60217,58.715317,175.182631413228,6.15759996502254
a15_s7_t4_color.avi,a15,s7,t4,305.4483,222.02441,313.2149,235.3787,334.86542,261.47336,68.86606,170.499297549835,12.8834353453458,322.5512,217.91338,329.13995,228.98283,342.57773,256.60217,58.715317,175.182631413228,6.15759996502254
a9_s6_t2_color.avi,a9,s6,t2,281.04095,105.96523,281.06775,106.03934,424.4935,204.90779,242.39511,144.458708710075,11.7176898755186,321.0696,106.00748,320.17303,105.96181,365.79202,105.140724,45.589165,3.94709307933677,6.1586288770012
a9_s6_t2_color.avi,a9,s6,t2,281.04095,105.96523,281.06775,106.03934,424.4935,204.90779,242.39511,144.458708710075,11.7176898755186,321.0696,106.00748,320.17303,105.96181,365.79202,105.140724,45.589165,3.94709307933677,6.1586288770012
a17_s1_t2_color.avi,a17,s1,t2,347.08594,249.93332,334.64584,249.2479,314.35724,184.16612,98.495895,110.468053510064,162.834086704347,343.10022,282.88544,356.46902,266.63342,325.71347,247.68478,52.587402,82.1969146255288,6.34582738198084
a17_s1_t2_color.avi,a17,s1,t2,347.08594,249.93332,334.64584,249.2479,314.35724,184.16612,98.495895,110.468053510064,162.834086704347,343.10022,282.88544,356.46902,266.63342,325.71347,247.68478,52.587402,82.1969146255288,6.34582738198084
a15_s8_t3_color.avi,a15,s8,t3,282.18463,279.0684,293.42023,285.3559,335.58264,248.66911,83.79729,109.740855546695,173.573035109128,388.9596,237.97078,390.27423,194.89156,347.46765,246.66544,50.1866,37.8359580852013,6.5019489667462
a15_s8_t3_color.avi,a15,s8,t3,282.18463,279.0684,293.42023,285.3559,335.58264,248.66911,83.79729,109.740855546695,173.573035109128,388.9596,237.97078,390.27423,194.89156,347.46765,246.66544,50.1866,37.8359580852013,6.5019489667462
a27_s2_t2_color.avi,a27,s2,t2,349.0347,251.0079,333.5719,268.014,344.37338,307.47083,61.124237,122.411431859432,51.4469909370917,287.09747,194.031,288.3437,230.22179,288.35214,190.3075,4.97818,1.98424026956823,6.53738769459582
a27_s2_t2_color.avi,a27,s2,t2,349.0347,251.0079,333.5719,268.014,344.37338,307.47083,61.124237,122.411431859432,51.4469909370917,287.09747,194.031,288.3437,230.22179,288.35214,190.3075,4.97818,1.98424026956823,6.53738769459582
a10_s7_t4_color.avi,a10,s7,t4,322.8391,216.01166,303.9495,216.49599,378.91397,257.23022,97.29343,29.9875395898656,157.822832260459,388.99396,238.01187,373.0221,244.60335,339.99854,245.18375,56.167297,158.581275669936,6.79993242536841
a10_s7_t4_color.avi,a10,s7,t4,322.8391,216.01166,303.9495,216.49599,378.91397,257.23022,97.29343,29.9875395898656,157.822832260459,388.99396,238.01187,373.0221,244.60335,339.99854,245.18375,56.167297,158.581275669936,6.79993242536841
a2_s4_t4_color.avi,a2,s4,t4,320.9319,201.99095,315.85345,200.76266,351.55252,258.99094,87.62062,44.891386998323,93.9940093964872,389.01257,238.01215,389.02176,237.98222,339.44034,208.89337,78.69101,103.333894585708,6.91630631036545
a2_s4_t4_color.avi,a2,s4,t4,320.9319,201.99095,315.85345,200.76266,351.55252,258.99094,87.62062,44.891386998323,93.9940093964872,389.01257,238.01215,389.02176,237.98222,339.44034,208.89337,78.69101,103.333894585708,6.91630631036545
a16_s8_t3_color.avi,a16,s8,t3,260.987,249.98674,266.9814,233.0252,282.37363,268.31677,39.71666,43.0281820267866,32.8393728784304,290.01486,358.00543,290.44742,358.0035,290.3491,357.9644,0.37527466,21.9517466065599,7.12501634890176
a16_s8_t3_color.avi,a16,s8,t3,260.987,249.98674,266.9814,233.0252,282.37363,268.31677,39.71666,43.0281820267866,32.8393728784304,290.01486,358.00543,290.44742,358.0035,290.3491,357.9644,0.37527466,21.9517466065599,7.12501634890176
a5_s7_t4_color.avi,a5,s7,t4,341.07086,251.00134,326.78223,215.97046,298.79333,162.29893,130.97993,174.648527719367,48.0238912059035,327.04663,215.99982,327.01578,213.87892,302.41727,158.54144,82.08774,156.867431190122,7.3553705425507
a5_s7_t4_color.avi,a5,s7,t4,341.07086,251.00134,326.78223,215.97046,298.79333,162.29893,130.97993,174.648527719367,48.0238912059035,327.04663,215.99982,327.01578,213.87892,302.41727,158.54144,82.08774,156.867431190122,7.3553705425507
a3_s2_t1_color.avi,a3,s2,t1,346.0209,251.01163,322.35715,207.1322,360.7101,237.65996,28.040878,23.1437518761703,127.762367444791,389.01437,238.0357,347.48798,245.97122,370.4628,245.48743,26.003296,9.61219679988135,7.42602895160317
a3_s2_t1_color.avi,a3,s2,t1,346.0209,251.01163,322.35715,207.1322,360.7101,237.65996,28.040878,23.1437518761703,127.762367444791,389.01437,238.0357,347.48798,245.97122,370.4628,245.48743,26.003296,9.61219679988135,7.42602895160317
a10_s7_t2_color.avi,a10,s7,t2,326.0088,216.03552,327.3288,238.05476,355.26447,247.04572,60.26587,111.271160929263,20.2832372695728,389.00287,237.99188,365.8049,244.66066,344.09064,245.71468,52.635025,166.740474581531,7.59978179354236
a10_s7_t2_color.avi,a10,s7,t2,326.0088,216.03552,327.3288,238.05476,355.26447,247.04572,60.26587,111.271160929263,20.2832372695728,389.00287,237.99188,365.8049,244.66066,344.09064,245.71468,52.635025,166.740474581531,7.59978179354236
a6_s6_t2_color.avi,a6,s6,t2,280.07462,105.998314,280.27838,106.11532,281.53107,106.09618,1.5543213,149.260025802707,1.59114027119458,320.04105,106.00544,319.45282,106.05827,320.60956,105.99635,0.5775986,2.06830256601359,7.66095955624079
a6_s6_t2_color.avi,a6,s6,t2,280.07462,105.998314,280.27838,106.11532,281.53107,106.09618,1.5543213,149.260025802707,1.59114027119458,320.04105,106.00544,319.45282,106.05827,320.60956,105.99635,0.5775986,2.06830256601359,7.66095955624079
a19_s1_t1_color.avi,a19,s1,t1,346.9492,286.04245,356.00046,214.72491,352.2346,249.53012,41.79773,1.05770553953354,9.21725801799986,389.00595,237.97644,361.2407,244.26552,368.5748,244.19263,26.647339,12.1932181262712,7.67437057603726
a19_s1_t1_color.avi,a19,s1,t1,346.9492,286.04245,356.00046,214.72491,352.2346,249.53012,41.79773,1.05770553953354,9.21725801799986,389.00595,237.97644,361.2407,244.26552,368.5748,244.19263,26.647339,12.1932181262712,7.67437057603726
a11_s7_t1_color.avi,a11,s7,t1,330.02206,216.99326,310.37582,161.35728,310.4189,160.19133,76.405075,158.434249547311,10.1545321859162,261.00702,248.99689,260.61423,249.27707,270.00443,242.16876,15.825531,1.62494635886027,7.72240597231825
a11_s7_t1_color.avi,a11,s7,t1,330.02206,216.99326,310.37582,161.35728,310.4189,160.19133,76.405075,158.434249547311,10.1545321859162,261.00702,248.99689,260.61423,249.27707,270.00443,242.16876,15.825531,1.62494635886027,7.72240597231825
a2_s6_t1_color.avi,a2,s6,t1,279.79764,105.99053,282.61288,106.00392,273.0177,105.91936,6.8511124,0.232335249292947,3.28454554062101,319.85715,106.01863,321.72647,106.08324,315.01242,106.59831,5.424408,6.36633338033321,8.03304579055935
a2_s6_t1_color.avi,a2,s6,t1,279.79764,105.99053,282.61288,106.00392,273.0177,105.91936,6.8511124,0.232335249292947,3.28454554062101,319.85715,106.01863,321.72647,106.08324,315.01242,106.59831,5.424408,6.36633338033321,8.03304579055935
a19_s3_t1_color.avi,a19,s3,t1,271.03665,295.03555,271.27042,294.8721,268.612,294.39755,3.0626526,45.0830324688278,5.71059313749963,273.00546,357.9905,273.21094,357.97437,271.78842,358.01932,1.2458496,2.68233229003051,8.04946697552836
a19_s3_t1_color.avi,a19,s3,t1,271.03665,295.03555,271.27042,294.8721,268.612,294.39755,3.0626526,45.0830324688278,5.71059313749963,273.00546,357.9905,273.21094,357.97437,271.78842,358.01932,1.2458496,2.68233229003051,8.04946697552836
a17_s7_t1_color.avi,a17,s7,t1,303.5488,223.17888,311.72464,217.76552,322.18124,266.68524,62.13881,68.5562207668126,13.0228294162729,320.56842,217.05623,322.21872,208.88612,325.87183,256.26196,44.50914,15.8289617682928,8.18895076601086
a17_s7_t1_color.avi,a17,s7,t1,303.5488,223.17888,311.72464,217.76552,322.18124,266.68524,62.13881,68.5562207668126,13.0228294162729,320.56842,217.05623,322.21872,208.88612,325.87183,256.26196,44.50914,15.8289617682928,8.18895076601086
a27_s6_t1_color.avi,a27,s6,t1,273.96634,105.98726,275.909,106.174675,292.2527,177.29977,89.59886,108.451726915988,60.8822225751258,309.0005,324.99393,309.18262,323.57065,308.44965,353.51062,29.067535,5.88978554042661,8.23097510119038
a27_s6_t1_color.avi,a27,s6,t1,273.96634,105.98726,275.909,106.174675,292.2527,177.29977,89.59886,108.451726915988,60.8822225751258,309.0005,324.99393,309.18262,323.57065,308.44965,353.51062,29.067535,5.88978554042661,8.23097510119038
a27_s1_t1_color.avi,a27,s1,t1,286.91412,177.97191,290.29077,175.84213,288.59283,235.03522,58.74202,56.1158010959347,83.9751176867266,300.03387,358.01108,300.05768,357.98987,314.92972,344.81763,28.089294,179.829888255207,8.32293616013278
a27_s1_t1_color.avi,a27,s1,t1,286.91412,177.97191,290.29077,175.84213,288.59283,235.03522,58.74202,56.1158010959347,83.9751176867266,300.03387,358.01108,300.05768,357.98987,314.92972,344.81763,28.089294,179.829888255207,8.32293616013278
a27_s4_t3_color.avi,a27,s4,t3,341.90625,250.98517,351.07266,250.96378,356.7748,249.76093,16.092804,168.222004341157,3.00301057600097,302.9405,358.02853,304.47562,361.00247,301.76944,351.34625,7.8533325,11.6468293616356,8.57089479118558
a27_s4_t3_color.avi,a27,s4,t3,341.90625,250.98517,351.07266,250.96378,356.7748,249.76093,16.092804,168.222004341157,3.00301057600097,302.9405,358.02853,304.47562,361.00247,301.76944,351.34625,7.8533325,11.6468293616356,8.57089479118558
a11_s1_t1_color.avi,a11,s1,t1,344.75833,286.08243,334.345,225.98267,331.63663,243.8593,55.344833,18.4449167724638,19.6879678407732,388.99762,238.04742,363.36453,245.28479,409.76132,244.53543,27.251709,14.8414421349988,9.03445760287997
a11_s1_t1_color.avi,a11,s1,t1,344.75833,286.08243,334.345,225.98267,331.63663,243.8593,55.344833,18.4449167724638,19.6879678407732,388.99762,238.04742,363.36453,245.28479,409.76132,244.53543,27.251709,14.8414421349988,9.03445760287997
a13_s1_t2_color.avi,a13,s1,t2,345.94006,250.96745,330.55984,209.77202,323.61615,182.39906,90.8923,173.760941809738,160.04418787796,282.83957,177.08832,280.97952,179.39041,278.4484,180.66173,7.9645844,155.606668539601,9.09996148209083
a13_s1_t2_color.avi,a13,s1,t2,345.94006,250.96745,330.55984,209.77202,323.61615,182.39906,90.8923,173.760941809738,160.04418787796,282.83957,177.08832,280.97952,179.39041,278.4484,180.66173,7.9645844,155.606668539601,9.09996148209083
a2_s6_t3_color.avi,a2,s6,t3,272.9617,219.9957,262.3075,207.38147,258.3702,209.90717,24.680023,97.50562835438,9.79584547609767,319.9326,105.97822,321.2977,106.06107,315.45233,107.8115,6.3135376,20.1439131349001,9.16639979102219
a2_s6_t3_color.avi,a2,s6,t3,272.9617,219.9957,262.3075,207.38147,258.3702,209.90717,24.680023,97.50562835438,9.79584547609767,319.9326,105.97822,321.2977,106.06107,315.45233,107.8115,6.3135376,20.1439131349001,9.16639979102219
a13_s4_t3_color.avi,a13,s4,t3,343.76703,249.98466,323.24536,202.68745,314.66977,201.12154,77.96039,123.803714063098,164.281572190166,279.8644,357.97977,280.19138,358.02155,281.10406,357.89603,1.3233948,164.887834796451,9.42809693007248
a13_s4_t3_color.avi,a13,s4,t3,343.76703,249.98466,323.24536,202.68745,314.66977,201.12154,77.96039,123.803714063098,164.281572190166,279.8644,357.97977,280.19138,358.02155,281.10406,357.89603,1.3233948,164.887834796451,9.42809693007248
a11_s7_t4_color.avi,a11,s7,t4,290.0287,234.01804,289.29718,232.68385,284.17966,248.63956,20.47055,46.5178685892484,140.515227760786,300.9949,155.95076,294.5831,158.88472,299.84756,157.79091,2.9874878,12.8507273542502,9.4331355636759
a11_s7_t4_color.avi,a11,s7,t4,290.0287,234.01804,289.29718,232.68385,284.17966,248.63956,20.47055,46.5178685892484,140.515227760786,300.9949,155.95076,294.5831,158.88472,299.84756,157.79091,2.9874878,12.8507273542502,9.4331355636759
a19_s4_t2_color.avi,a19,s4,t2,343.01736,250.99469,327.77396,251.59694,337.08948,254.42804,9.361237,19.1671884398745,4.20829958380939,278.00433,358.02844,278.66162,358.01727,278.46375,357.9246,0.56326294,26.0711721268524,9.46232220802557
a19_s4_t2_color.avi,a19,s4,t2,343.01736,250.99469,327.77396,251.59694,337.08948,254.42804,9.361237,19.1671884398745,4.20829958380939,278.00433,358.02844,278.66162,358.01727,278.46375,357.9246,0.56326294,26.0711721268524,9.46232220802557
a19_s2_t3_color.avi,a19,s2,t3,306.96042,211.97055,305.37277,207.33786,307.51175,211.76215,0.7597351,6.88517599522289,0.060979157273584,291.9812,359.93857,292.14917,359.89865,292.4423,359.84518,0.5544739,176.969293531085,9.46232220802561
a19_s2_t3_color.avi,a19,s2,t3,306.96042,211.97055,305.37277,207.33786,307.51175,211.76215,0.7597351,6.88517599522289,0.060979157273584,291.9812,359.93857,292.14917,359.89865,292.4423,359.84518,0.5544739,176.969293531085,9.46232220802561
a9_s2_t3_color.avi,a9,s2,t3,303.9149,297.91394,301.9873,298.06,334.9564,196.6012,132.35425,67.6652578423849,11.0081205891678,320.94873,212.96552,362.54187,197.5606,330.33185,255.65286,52.070465,40.6700436844261,9.55376728256182
a9_s2_t3_color.avi,a9,s2,t3,303.9149,297.91394,301.9873,298.06,334.9564,196.6012,132.35425,67.6652578423849,11.0081205891678,320.94873,212.96552,362.54187,197.5606,330.33185,255.65286,52.070465,40.6700436844261,9.55376728256182
a5_s7_t3_color.avi,a5,s7,t3,343.95377,249.96408,339.3796,221.25919,308.05634,163.4063,122.455215,160.621598866892,24.8702298723673,329.93796,215.974,325.64822,212.39125,307.63245,162.3328,75.94672,149.66187963054,9.58159971437262
a5_s7_t3_color.avi,a5,s7,t3,343.95377,249.96408,339.3796,221.25919,308.05634,163.4063,122.455215,160.621598866892,24.8702298723673,329.93796,215.974,325.64822,212.39125,307.63245,162.3328,75.94672,149.66187963054,9.58159971437262
a3_s4_t3_color.avi,a3,s4,t3,345.8574,250.02782,345.59796,249.97107,330.18332,254.42133,20.067581,151.557917306435,168.478104640474,389.01764,238.01904,338.5655,245.36539,378.76648,236.40454,11.865662,4.28124859703521,9.98942709379172
a3_s4_t3_color.avi,a3,s4,t3,345.8574,250.02782,345.59796,249.97107,330.18332,254.42133,20.067581,151.557917306435,168.478104640474,389.01764,238.01904,338.5655,245.36539,378.76648,236.40454,11.865662,4.28124859703521,9.98942709379172
a9_s7_t3_color.avi,a9,s7,t3,326.78165,216.99599,348.1057,246.71365,384.18765,245.48984,85.89986,123.718934161582,73.9359209915738,389.0216,238.00142,389.0053,238.01974,316.64468,245.05283,79.42833,137.196796903167,10.1887273541702
a9_s7_t3_color.avi,a9,s7,t3,326.78165,216.99599,348.1057,246.71365,384.18765,245.48984,85.89986,123.718934161582,73.9359209915738,389.0216,238.00142,389.0053,238.01974,316.64468,245.05283,79.42833,137.196796903167,10.1887273541702
a8_s4_t3_color.avi,a8,s4,t3,346.15924,251.01886,304.74744,203.52214,309.27405,203.82205,84.082,45.124624081083,14.6531794604949,263.10556,244.96906,264.31277,244.68336,263.71762,243.62164,1.9594727,74.0412029385782,10.4077113124901
a8_s4_t3_color.avi,a8,s4,t3,346.15924,251.01886,304.74744,203.52214,309.27405,203.82205,84.082,45.124624081083,14.6531794604949,263.10556,244.96906,264.31277,244.68336,263.71762,243.62164,1.9594727,74.0412029385782,10.4077113124901
a23_s6_t3_color.avi,a23,s6,t3,343.66507,249.99356,340.95944,250.09044,349.11545,250.00383,5.4606476,1.44220655656501,174.769428068981,289.86145,358.01407,281.82797,358.0865,292.76453,357.77618,3.1409607,1.10875198030988,10.5610951033776
a23_s6_t3_color.avi,a23,s6,t3,343.66507,249.99356,340.95944,250.09044,349.11545,250.00383,5.4606476,1.44220655656501,174.769428068981,289.86145,358.01407,281.82797,358.0865,292.76453,357.77618,3.1409607,1.10875198030988,10.5610951033776
a21_s2_t4_color.avi,a21,s2,t4,325.9487,356.96753,325.5086,361.98557,330.88315,179.15456,182.74742,3.32843369911975,89.7871899465133,301.0776,159.93835,297.00458,257.51862,250.20952,256.52835,147.45808,91.1778575343706,10.679816131044
a21_s2_t4_color.avi,a21,s2,t4,325.9487,356.96753,325.5086,361.98557,330.88315,179.15456,182.74742,3.32843369911975,89.7871899465133,301.0776,159.93835,297.00458,257.51862,250.20952,256.52835,147.45808,91.1778575343706,10.679816131044
a11_s2_t3_color.avi,a11,s2,t3,320.99072,212.98161,300.36627,217.87502,307.57446,218.63437,19.069016,19.3610133236957,87.790298008699,283.8595,211.03886,280.34503,212.58101,283.04572,218.01541,7.790329,87.2662666793355,10.7736614446057
a11_s2_t3_color.avi,a11,s2,t3,320.99072,212.98161,300.36627,217.87502,307.57446,218.63437,19.069016,19.3610133236957,87.790298008699,283.8595,211.03886,280.34503,212.58101,283.04572,218.01541,7.790329,87.2662666793355,10.7736614446057
a11_s3_t1_color.avi,a11,s3,t1,301.0354,153.01422,272.76236,176.4683,271.5899,206.80392,83.2352,131.890977694927,47.750548211039,388.99396,237.03177,347.90375,247.34096,370.8367,246.81998,27.945465,12.7829296826567,10.8492363291929
a11_s3_t1_color.avi,a11,s3,t1,301.0354,153.01422,272.76236,176.4683,271.5899,206.80392,83.2352,131.890977694927,47.750548211039,388.99396,237.03177,347.90375,247.34096,370.8367,246.81998,27.945465,12.7829296826567,10.8492363291929
a20_s3_t3_color.avi,a20,s3,t3,271.97192,297.0187,270.6144,295.5918,270.78778,296.5525,1.6503601,33.3425780901287,39.2894068625004,273.953,358.02698,273.5835,358.0234,273.75836,357.964,0.2576294,19.3209145780753,11.3099324740202
a20_s3_t3_color.avi,a20,s3,t3,271.97192,297.0187,270.6144,295.5918,270.78778,296.5525,1.6503601,33.3425780901287,39.2894068625004,273.953,358.02698,273.5835,358.0234,273.75836,357.964,0.2576294,19.3209145780753,11.3099324740202
a16_s7_t1_color.avi,a16,s7,t1,312.17676,232.09557,312.78455,230.74573,287.08768,268.3353,61.32881,10.116703388469,145.262633210676,302.01874,155.944,302.06363,154.61827,301.73987,155.5158,0.707077,17.8963898163149,11.3099324740202
a16_s7_t1_color.avi,a16,s7,t1,312.17676,232.09557,312.78455,230.74573,287.08768,268.3353,61.32881,10.116703388469,145.262633210676,302.01874,155.944,302.06363,154.61827,301.73987,155.5158,0.707077,17.8963898163149,11.3099324740202
a15_s1_t1_color.avi,a15,s1,t1,349.41675,291.67313,359.08237,198.35345,333.81012,221.58147,85.69829,41.500184655925,8.60810776992063,388.9694,236.98547,336.02,190.81787,338.59335,248.06088,61.451447,46.3401985865708,11.5681447681068
a15_s1_t1_color.avi,a15,s1,t1,349.41675,291.67313,359.08237,198.35345,333.81012,221.58147,85.69829,41.500184655925,8.60810776992063,388.9694,236.98547,336.02,190.81787,338.59335,248.06088,61.451447,46.3401985865708,11.5681447681068
a22_s7_t4_color.avi,a22,s7,t4,291.49402,235.06009,294.2581,233.73114,321.67618,296.16473,91.286804,88.0309785976225,29.8498345108458,306.18134,342.04865,308.22247,324.57318,301.3768,338.87137,7.9818115,18.9221431477846,11.6548719247958
a22_s7_t4_color.avi,a22,s7,t4,291.49402,235.06009,294.2581,233.73114,321.67618,296.16473,91.286804,88.0309785976225,29.8498345108458,306.18134,342.04865,308.22247,324.57318,301.3768,338.87137,7.9818115,18.9221431477846,11.6548719247958
a20_s7_t2_color.avi,a20,s7,t2,314.0023,205.04134,313.39954,188.70427,331.33658,254.12766,66.42061,13.2189930783604,24.1671864340051,320.01663,217.01372,313.67932,178.4388,339.59424,256.46564,59.029526,9.04324518030273,12.531451615924
a20_s7_t2_color.avi,a20,s7,t2,314.0023,205.04134,313.39954,188.70427,331.33658,254.12766,66.42061,13.2189930783604,24.1671864340051,320.01663,217.01372,313.67932,178.4388,339.59424,256.46564,59.029526,9.04324518030273,12.531451615924
a27_s4_t4_color.avi,a27,s4,t4,341.93576,250.9605,344.69504,248.2218,314.69592,203.28218,74.91815,101.060686677817,8.22949922736313,303.01968,358.98584,303.95273,361.2208,305.4137,347.66592,13.713928,28.8111570983551,12.5359599598546
a27_s4_t4_color.avi,a27,s4,t4,341.93576,250.9605,344.69504,248.2218,314.69592,203.28218,74.91815,101.060686677817,8.22949922736313,303.01968,358.98584,303.95273,361.2208,305.4137,347.66592,13.713928,28.8111570983551,12.5359599598546
a25_s4_t1_color.avi,a25,s4,t1,301.05304,153.83252,301.1178,162.0412,301.3659,210.77547,57.255814,179.838954452405,15.2303045948157,289.50256,196.19676,290.76932,203.53406,292.2747,247.26443,53.839798,172.176213091671,12.5738883210385
a25_s4_t1_color.avi,a25,s4,t1,301.05304,153.83252,301.1178,162.0412,301.3659,210.77547,57.255814,179.838954452405,15.2303045948157,289.50256,196.19676,290.76932,203.53406,292.2747,247.26443,53.839798,172.176213091671,12.5738883210385
a16_s7_t4_color.avi,a16,s7,t4,303.0153,252.08942,307.87387,248.73189,317.60117,298.08716,60.58362,66.5029165313861,36.2362748476949,289.03162,234.0411,286.58435,218.81137,279.36594,231.09839,12.608398,39.5623327358186,12.6137797110244
a16_s7_t4_color.avi,a16,s7,t4,303.0153,252.08942,307.87387,248.73189,317.60117,298.08716,60.58362,66.5029165313861,36.2362748476949,289.03162,234.0411,286.58435,218.81137,279.36594,231.09839,12.608398,39.5623327358186,12.6137797110244
a27_s8_t2_color.avi,a27,s8,t2,275.9511,279.9998,275.4687,273.21204,279.65616,315.97986,39.68512,1.52670598315049,70.7198711481386,334.98306,280.00635,335.77744,272.859,337.53284,303.9298,26.473236,9.57553970948737,12.7488877303593
a27_s8_t2_color.avi,a27,s8,t2,275.9511,279.9998,275.4687,273.21204,279.65616,315.97986,39.68512,1.52670598315049,70.7198711481386,334.98306,280.00635,335.77744,272.859,337.53284,303.9298,26.473236,9.57553970948737,12.7488877303593
a23_s2_t2_color.avi,a23,s2,t2,283.86197,210.97203,281.09528,210.82443,284.9289,210.03578,2.0031738,14.6784177577903,27.9794743884801,302.00858,157.99342,301.78598,158.35654,301.94354,157.645,0.41345215,19.0229369829452,13.1622882687486
a23_s2_t2_color.avi,a23,s2,t2,283.86197,210.97203,281.09528,210.82443,284.9289,210.03578,2.0031738,14.6784177577903,27.9794743884801,302.00858,157.99342,301.78598,158.35654,301.94354,157.645,0.41345215,19.0229369829452,13.1622882687486
a7_s7_t1_color.avi,a7,s7,t1,326.94406,212.03555,320.90552,206.89107,323.46942,235.19937,26.638458,44.3957506208467,143.823064688841,261.01712,249.01512,257.7812,250.16734,252.85919,253.1723,12.315109,168.194585617831,13.1981841354509
a7_s7_t1_color.avi,a7,s7,t1,326.94406,212.03555,320.90552,206.89107,323.46942,235.19937,26.638458,44.3957506208467,143.823064688841,261.01712,249.01512,257.7812,250.16734,252.85919,253.1723,12.315109,168.194585617831,13.1981841354509
a9_s6_t4_color.avi,a9,s6,t4,39.016674,133.00735,39.00995,133.04242,549.0429,202.00851,579.0274,86.8434457126518,73.9600241336001,279.1988,105.051575,281.47794,105.22459,39.02264,133.01508,268.13965,10.8798371029906,13.3312888428825
a9_s6_t4_color.avi,a9,s6,t4,39.016674,133.00735,39.00995,133.04242,549.0429,202.00851,579.0274,86.8434457126518,73.9600241336001,279.1988,105.051575,281.47794,105.22459,39.02264,133.01508,268.13965,10.8798371029906,13.3312888428825
a1_s1_t1_color.avi,a1,s1,t1,400.9958,239.99664,361.16718,216.29218,368.99246,214.24586,57.754105,45.4141618185524,166.648051228844,299.0089,178.9598,294.92932,179.72559,296.96414,178.88899,2.11557,11.7180080004877,13.6713071321958
a1_s1_t1_color.avi,a1,s1,t1,400.9958,239.99664,361.16718,216.29218,368.99246,214.24586,57.754105,45.4141618185524,166.648051228844,299.0089,178.9598,294.92932,179.72559,296.96414,178.88899,2.11557,11.7180080004877,13.6713071321958
a16_s8_t1_color.avi,a16,s8,t1,260.99908,250.00713,259.8899,249.6693,290.19095,236.44746,42.751526,40.5133047167995,23.409394109633,341.9725,356.984,341.38013,357.01172,342.41568,357.0716,0.5307617,5.98735531988429,14.0362434679265
a16_s8_t1_color.avi,a16,s8,t1,260.99908,250.00713,259.8899,249.6693,290.19095,236.44746,42.751526,40.5133047167995,23.409394109633,341.9725,356.984,341.38013,357.01172,342.41568,357.0716,0.5307617,5.98735531988429,14.0362434679265
a1_s7_t4_color.avi,a1,s7,t4,289.0454,200.95352,287.68747,212.11896,344.61197,311.0827,165.69574,143.157994401728,88.1588293777962,326.0643,214.05232,334.41052,225.32219,343.72363,245.43376,49.04077,168.324692026607,14.0472892324142
a1_s7_t4_color.avi,a1,s7,t4,289.0454,200.95352,287.68747,212.11896,344.61197,311.0827,165.69574,143.157994401728,88.1588293777962,326.0643,214.05232,334.41052,225.32219,343.72363,245.43376,49.04077,168.324692026607,14.0472892324142
a27_s4_t1_color.avi,a27,s4,t1,342.0783,250.99718,337.8464,247.61696,320.80472,204.72018,67.55058,150.282527083557,45.4852773442866,304.04056,358.03088,302.5938,363.03528,302.83585,350.36298,8.87262,15.0301541802656,14.5129109228689
a27_s4_t1_color.avi,a27,s4,t1,342.0783,250.99718,337.8464,247.61696,320.80472,204.72018,67.55058,150.282527083557,45.4852773442866,304.04056,358.03088,302.5938,363.03528,302.83585,350.36298,8.87262,15.0301541802656,14.5129109228689
a13_s5_t2_color.avi,a13,s5,t2,282.98886,170.05174,282.13187,170.21317,278.67953,174.90395,9.16153,137.019608598176,1.51419819542695,302.0121,358.00235,302.128,357.889,301.72583,357.82986,0.45874023,52.7254745532179,14.706531212461
a13_s5_t2_color.avi,a13,s5,t2,282.98886,170.05174,282.13187,170.21317,278.67953,174.90395,9.16153,137.019608598176,1.51419819542695,302.0121,358.00235,302.128,357.889,301.72583,357.82986,0.45874023,52.7254745532179,14.706531212461
a11_s3_t4_color.avi,a11,s3,t4,301.9933,153.04288,301.37534,147.64133,292.70157,154.45158,10.700424,58.3889732481802,16.2424254660329,275.98007,357.99054,275.46957,358.0086,276.74203,357.96912,0.78338623,0.248906147445444,14.8351115819757
a11_s3_t4_color.avi,a11,s3,t4,301.9933,153.04288,301.37534,147.64133,292.70157,154.45158,10.700424,58.3889732481802,16.2424254660329,275.98007,357.99054,275.46957,358.0086,276.74203,357.96912,0.78338623,0.248906147445444,14.8351115819757
a1_s2_t2_color.avi,a1,s2,t2,344.9977,250.98871,319.90503,208.8746,331.8052,218.65334,45.527878,19.8014451637312,136.725975296975,389.01086,238.01866,356.0086,175.33527,373.612,228.8672,24.550323,9.56352759225542,14.8950787915363
a1_s2_t2_color.avi,a1,s2,t2,344.9977,250.98871,319.90503,208.8746,331.8052,218.65334,45.527878,19.8014451637312,136.725975296975,389.01086,238.01866,356.0086,175.33527,373.612,228.8672,24.550323,9.56352759225542,14.8950787915363
a1_s2_t1_color.avi,a1,s2,t1,346.92487,250.98685,297.8094,218.65063,317.50793,214.59262,65.81116,45.0001654222093,146.345146963797,389.04074,238.00479,330.8418,244.63777,343.22525,246.87909,54.68979,16.7610591568915,15.1522536165315
a1_s2_t1_color.avi,a1,s2,t1,346.92487,250.98685,297.8094,218.65063,317.50793,214.59262,65.81116,45.0001654222093,146.345146963797,389.04074,238.00479,330.8418,244.63777,343.22525,246.87909,54.68979,16.7610591568915,15.1522536165315
a2_s2_t4_color.avi,a2,s2,t4,348.2245,252.00493,329.5213,246.82805,332.04224,290.12054,54.297867,71.1957859539858,51.9070055386681,325.19855,213.03668,309.01834,197.57086,351.72165,240.66246,54.14888,1.55248971132971,15.7203483582329
a2_s2_t4_color.avi,a2,s2,t4,348.2245,252.00493,329.5213,246.82805,332.04224,290.12054,54.297867,71.1957859539858,51.9070055386681,325.19855,213.03668,309.01834,197.57086,351.72165,240.66246,54.14888,1.55248971132971,15.7203483582329
a27_s3_t3_color.avi,a27,s3,t3,301.0208,152.99219,300.74704,154.6055,301.03214,205.41579,52.43492,170.047385723155,177.00873578615,326.0157,357.05777,325.63687,357.03427,321.4633,327.35388,34.256287,101.553919850793,15.9152739334146
a27_s3_t3_color.avi,a27,s3,t3,301.0208,152.99219,300.74704,154.6055,301.03214,205.41579,52.43492,170.047385723155,177.00873578615,326.0157,357.05777,325.63687,357.03427,321.4633,327.35388,34.256287,101.553919850793,15.9152739334146
a11_s1_t2_color.avi,a11,s1,t2,345.94586,251.0084,333.36224,206.55344,364.73386,240.27332,29.523087,27.1289502052867,163.979385655297,389.01056,237.0522,389.016,237.01375,369.98242,243.58557,25.561508,62.9105106223047,16.1726089954626
a11_s1_t2_color.avi,a11,s1,t2,345.94586,251.0084,333.36224,206.55344,364.73386,240.27332,29.523087,27.1289502052867,163.979385655297,389.01056,237.0522,389.016,237.01375,369.98242,243.58557,25.561508,62.9105106223047,16.1726089954626
a27_s7_t2_color.avi,a27,s7,t2,304.97525,251.9618,289.69617,255.77904,290.2561,229.8676,36.813354,74.7347759813166,8.89141007925032,291.03433,235.0031,292.83087,261.6053,303.88037,244.37871,22.22165,36.5405085204472,16.7289227433785
a27_s7_t2_color.avi,a27,s7,t2,304.97525,251.9618,289.69617,255.77904,290.2561,229.8676,36.813354,74.7347759813166,8.89141007925032,291.03433,235.0031,292.83087,261.6053,303.88037,244.37871,22.22165,36.5405085204472,16.7289227433785
a27_s6_t2_color.avi,a27,s6,t2,273.96658,105.95577,276.10767,106.089035,289.43024,162.12648,71.63436,106.93499481427,24.7505852959,307.11563,320.89954,307.8829,319.84213,306.29474,346.14743,26.068787,32.5103850093563,17.1027289690524
a27_s6_t2_color.avi,a27,s6,t2,273.96658,105.95577,276.10767,106.089035,289.43024,162.12648,71.63436,106.93499481427,24.7505852959,307.11563,320.89954,307.8829,319.84213,306.29474,346.14743,26.068787,32.5103850093563,17.1027289690524
a20_s6_t3_color.avi,a20,s6,t3,321.65555,106.01025,320.5035,105.29163,337.368,176.09837,85.80059,44.648216845809,82.4861155124198,389.0344,236.98013,359.70486,243.98337,361.80927,235.81274,28.392517,62.1274849424741,17.2061837412827
a20_s6_t3_color.avi,a20,s6,t3,321.65555,106.01025,320.5035,105.29163,337.368,176.09837,85.80059,44.648216845809,82.4861155124198,389.0344,236.98013,359.70486,243.98337,361.80927,235.81274,28.392517,62.1274849424741,17.2061837412827
a14_s8_t4_color.avi,a14,s8,t4,313.01648,357.95496,315.41223,358.3952,291.26468,322.51068,57.196075,45.6498680640879,173.714444947303,302.09354,178.95323,307.54352,176.40607,307.1994,131.84338,52.215714,114.607603513484,17.398464523426
a14_s8_t4_color.avi,a14,s8,t4,313.01648,357.95496,315.41223,358.3952,291.26468,322.51068,57.196075,45.6498680640879,173.714444947303,302.09354,178.95323,307.54352,176.40607,307.1994,131.84338,52.215714,114.607603513484,17.398464523426
a27_s6_t3_color.avi,a27,s6,t3,273.87265,105.95844,275.29733,106.05851,289.18057,170.05438,79.40386,106.25781384361,17.0450444014527,260.01263,358.00916,260.66736,357.8768,252.67024,358.49402,7.8272552,7.01518275016357,17.8762025215448
a27_s6_t3_color.avi,a27,s6,t3,273.87265,105.95844,275.29733,106.05851,289.18057,170.05438,79.40386,106.25781384361,17.0450444014527,260.01263,358.00916,260.66736,357.8768,252.67024,358.49402,7.8272552,7.01518275016357,17.8762025215448
a25_s4_t2_color.avi,a25,s4,t2,301.01053,154.00845,301.0734,165.47066,301.57425,211.33049,57.885757,179.688670134384,22.2978942822236,290.05774,197.04166,290.57956,207.61247,295.75418,246.88316,55.53795,175.319605188978,18.4149297516816
a25_s4_t2_color.avi,a25,s4,t2,301.01053,154.00845,301.0734,165.47066,301.57425,211.33049,57.885757,179.688670134384,22.2978942822236,290.05774,197.04166,290.57956,207.61247,295.75418,246.88316,55.53795,175.319605188978,18.4149297516816
a4_s7_t1_color.avi,a4,s7,t1,324.96243,215.98534,323.62033,214.7024,325.5656,215.59053,0.99798584,19.1694536164356,12.4451031967319,303.00894,358.02863,303.2276,358.0215,303.50684,357.97696,0.54956055,172.796736017026,18.434948822922
a4_s7_t1_color.avi,a4,s7,t1,324.96243,215.98534,323.62033,214.7024,325.5656,215.59053,0.99798584,19.1694536164356,12.4451031967319,303.00894,358.02863,303.2276,358.0215,303.50684,357.97696,0.54956055,172.796736017026,18.434948822922
a19_s1_t2_color.avi,a19,s1,t2,288.03574,178.00551,283.91403,180.35878,284.39667,179.248,4.8815613,36.7909212943011,28.1300159040885,307.98,357.02432,308.04114,356.95923,307.6905,357.01093,0.30291748,38.413443311562,18.434948822922
a19_s1_t2_color.avi,a19,s1,t2,288.03574,178.00551,283.91403,180.35878,284.39667,179.248,4.8815613,36.7909212943011,28.1300159040885,307.98,357.02432,308.04114,356.95923,307.6905,357.01093,0.30291748,38.413443311562,18.434948822922
a16_s6_t4_color.avi,a16,s6,t4,318.06366,106.00591,318.49197,106.00926,316.8132,106.098976,1.3435211,3.50704253572654,165.963756532074,270.98438,357.9703,270.87366,358.01965,270.69733,358.00632,0.32305908,151.65232532381,18.434948822922
a16_s6_t4_color.avi,a16,s6,t4,318.06366,106.00591,318.49197,106.00926,316.8132,106.098976,1.3435211,3.50704253572654,165.963756532074,270.98438,357.9703,270.87366,358.01965,270.69733,358.00632,0.32305908,151.65232532381,18.434948822922
a9_s4_t2_color.avi,a9,s4,t2,46.01716,150.03503,544.91943,180.99748,544.9406,181.0334,529.9218,124.076364134024,45.8686534450374,260.83533,245.07329,46.002453,150.03249,45.999744,150.03055,309.87833,168.280855822621,19.2175578681034
a9_s4_t2_color.avi,a9,s4,t2,46.01716,150.03503,544.91943,180.99748,544.9406,181.0334,529.9218,124.076364134024,45.8686534450374,260.83533,245.07329,46.002453,150.03249,45.999744,150.03055,309.87833,168.280855822621,19.2175578681034
a11_s3_t2_color.avi,a11,s3,t2,301.04382,153.99864,299.99136,155.07416,304.50006,154.58656,4.044159,39.4484823222666,170.881635313592,275.01758,358.03192,276.4189,357.9688,277.0654,357.94547,2.1342773,179.489521881972,19.4712206344907
a11_s3_t2_color.avi,a11,s3,t2,301.04382,153.99864,299.99136,155.07416,304.50006,154.58656,4.044159,39.4484823222666,170.881635313592,275.01758,358.03192,276.4189,357.9688,277.0654,357.94547,2.1342773,179.489521881972,19.4712206344907
a24_s1_t2_color.avi,a24,s1,t2,271.99323,248.9707,271.95154,248.96503,254.02548,248.15926,18.77919,174.819757380424,177.662694140876,260.98047,249.98866,260.95987,249.98686,254.0884,249.78563,7.095108,176.682015583914,20.5560452195835
a24_s1_t2_color.avi,a24,s1,t2,271.99323,248.9707,271.95154,248.96503,254.02548,248.15926,18.77919,174.819757380424,177.662694140876,260.98047,249.98866,260.95987,249.98686,254.0884,249.78563,7.095108,176.682015583914,20.5560452195835
a22_s8_t1_color.avi,a22,s8,t1,273.9964,323.01077,272.01242,306.92593,274.38882,294.1111,29.292084,162.462693542141,67.282321436537,306.98904,358.99307,310.2121,358.12604,309.15854,349.839,11.323578,97.8113932465966,21.2079186251987
a22_s8_t1_color.avi,a22,s8,t1,273.9964,323.01077,272.01242,306.92593,274.38882,294.1111,29.292084,162.462693542141,67.282321436537,306.98904,358.99307,310.2121,358.12604,309.15854,349.839,11.323578,97.8113932465966,21.2079186251987
a20_s7_t1_color.avi,a20,s7,t1,322.14896,217.06429,323.6375,170.81645,376.98544,257.4043,95.1765,33.4812941057897,120.082272531097,271.95755,358.0491,272.20987,358.02634,271.50165,358.0606,0.46740723,2.38525524817994,21.8014094863518
a20_s7_t1_color.avi,a20,s7,t1,322.14896,217.06429,323.6375,170.81645,376.98544,257.4043,95.1765,33.4812941057897,120.082272531097,271.95755,358.0491,272.20987,358.02634,271.50165,358.0606,0.46740723,2.38525524817994,21.8014094863518
a25_s4_t4_color.avi,a25,s4,t4,291.12692,196.94272,288.0542,223.56721,291.33417,248.86137,52.1259,166.028161144795,18.5211101197905,286.11935,203.93175,284.1975,228.844,288.2535,253.60042,51.802826,166.284226833709,22.5043052343141
a25_s4_t4_color.avi,a25,s4,t4,291.12692,196.94272,288.0542,223.56721,291.33417,248.86137,52.1259,166.028161144795,18.5211101197905,286.11935,203.93175,284.1975,228.844,288.2535,253.60042,51.802826,166.284226833709,22.5043052343141
a20_s4_t1_color.avi,a20,s4,t1,343.90637,251.00949,301.05975,185.70374,297.60083,195.42651,101.88852,52.8518358392631,32.8992861945896,290.80228,200.03949,289.67914,200.41531,292.15036,198.06772,3.3198547,25.0291573471619,22.9438776148869
a20_s4_t1_color.avi,a20,s4,t1,343.90637,251.00949,301.05975,185.70374,297.60083,195.42651,101.88852,52.8518358392631,32.8992861945896,290.80228,200.03949,289.67914,200.41531,292.15036,198.06772,3.3198547,25.0291573471619,22.9438776148869
a1_s4_t1_color.avi,a1,s4,t1,39.012,133.97266,593.9487,178.97691,593.96277,179.00073,599.9788,125.15007121373,44.3835059385993,343.1417,295.08215,38.991737,133.95685,39.0026,133.93271,465.28854,93.6819221416455,23.1925203256669
a1_s4_t1_color.avi,a1,s4,t1,39.012,133.97266,593.9487,178.97691,593.96277,179.00073,599.9788,125.15007121373,44.3835059385993,343.1417,295.08215,38.991737,133.95685,39.0026,133.93271,465.28854,93.6819221416455,23.1925203256669
a8_s2_t1_color.avi,a8,s2,t1,320.09808,213.00905,316.8341,208.72205,273.8365,211.47687,47.793777,123.618525451306,89.049765915561,346.0689,251.00568,347.56628,227.10779,334.63943,251.05667,11.480469,24.7734637704397,23.5439722830835
a8_s2_t1_color.avi,a8,s2,t1,320.09808,213.00905,316.8341,208.72205,273.8365,211.47687,47.793777,123.618525451306,89.049765915561,346.0689,251.00568,347.56628,227.10779,334.63943,251.05667,11.480469,24.7734637704397,23.5439722830835
a18_s4_t3_color.avi,a18,s4,t3,344.1959,251.02898,334.7961,221.39587,342.84198,287.9994,38.324326,10.7112338867068,51.5497920771834,280.01636,357.97864,280.11682,358.0713,278.7683,357.96786,1.2588196,38.2976374214465,23.7327877269955
a18_s4_t3_color.avi,a18,s4,t3,344.1959,251.02898,334.7961,221.39587,342.84198,287.9994,38.324326,10.7112338867068,51.5497920771834,280.01636,357.97864,280.11682,358.0713,278.7683,357.96786,1.2588196,38.2976374214465,23.7327877269955
a10_s4_t4_color.avi,a10,s4,t4,347.82648,250.96953,313.90427,198.31714,325.98062,253.92155,24.797882,20.5389635492189,21.8164000552921,263.85706,245.03523,263.54633,245.1539,259.61884,246.79173,5.9947205,178.26485972511,24.0948425521107
a10_s4_t4_color.avi,a10,s4,t4,347.82648,250.96953,313.90427,198.31714,325.98062,253.92155,24.797882,20.5389635492189,21.8164000552921,263.85706,245.03523,263.54633,245.1539,259.61884,246.79173,5.9947205,178.26485972511,24.0948425521107
a6_s1_t3_color.avi,a6,s1,t3,256.62646,300.86264,258.9174,250.57121,258.99506,250.5263,52.704926,122.644369280146,27.049405584037,349.22778,286.98596,345.55975,255.45529,345.71243,255.42982,35.071487,92.834236896695,24.1277606712784
a6_s1_t3_color.avi,a6,s1,t3,256.62646,300.86264,258.9174,250.57121,258.99506,250.5263,52.704926,122.644369280146,27.049405584037,349.22778,286.98596,345.55975,255.45529,345.71243,255.42982,35.071487,92.834236896695,24.1277606712784
a7_s2_t3_color.avi,a7,s2,t3,305.9467,296.97546,309.27063,308.59647,320.86707,240.54039,71.35545,25.6321238551496,69.6910517742646,317.86935,209.97801,315.14624,198.15302,305.79916,219.26529,21.357468,36.848745246445,25.2434283754192
a7_s2_t3_color.avi,a7,s2,t3,305.9467,296.97546,309.27063,308.59647,320.86707,240.54039,71.35545,25.6321238551496,69.6910517742646,317.86935,209.97801,315.14624,198.15302,305.79916,219.26529,21.357468,36.848745246445,25.2434283754192
a10_s3_t3_color.avi,a10,s3,t3,301.04007,153.91966,301.29037,153.15723,275.72046,180.02982,51.429764,25.402231625745,72.5648767078044,389.02075,236.96504,330.8756,224.91983,379.64157,235.81096,10.533264,0.885718271807991,25.3106623660045
a10_s3_t3_color.avi,a10,s3,t3,301.04007,153.91966,301.29037,153.15723,275.72046,180.02982,51.429764,25.402231625745,72.5648767078044,389.02075,236.96504,330.8756,224.91983,379.64157,235.81096,10.533264,0.885718271807991,25.3106623660045
a10_s8_t3_color.avi,a10,s8,t3,46.012966,177.01146,45.986485,177.02348,594.03564,179.0228,550.03406,24.6293363719701,89.6952401045327,328.04062,452.99268,328.0512,452.9695,540.0346,133.94275,531.04395,170.966167282916,25.8011430259174
a10_s8_t3_color.avi,a10,s8,t3,46.012966,177.01146,45.986485,177.02348,594.03564,179.0228,550.03406,24.6293363719701,89.6952401045327,328.04062,452.99268,328.0512,452.9695,540.0346,133.94275,531.04395,170.966167282916,25.8011430259174
a6_s4_t1_color.avi,a6,s4,t1,342.9708,250.99432,331.3512,250.6482,346.34396,249.81802,4.549469,4.87558641185806,5.730457707788,280.9717,357.99115,282.0609,358.0118,281.8419,357.9762,0.88513184,8.14893173829657,26.3342478468531
a6_s4_t1_color.avi,a6,s4,t1,342.9708,250.99432,331.3512,250.6482,346.34396,249.81802,4.549469,4.87558641185806,5.730457707788,280.9717,357.99115,282.0609,358.0118,281.8419,357.9762,0.88513184,8.14893173829657,26.3342478468531
a13_s3_t1_color.avi,a13,s3,t1,300.99994,153.01172,300.65372,153.14705,300.70105,154.11128,1.3984528,108.53908010756,170.537677791974,275.94168,358.0342,275.56476,357.99304,275.4421,357.9768,0.5569763,178.692673356815,26.565051177078
a13_s3_t1_color.avi,a13,s3,t1,300.99994,153.01172,300.65372,153.14705,300.70105,154.11128,1.3984528,108.53908010756,170.537677791974,275.94168,358.0342,275.56476,357.99304,275.4421,357.9768,0.5569763,178.692673356815,26.565051177078
a4_s7_t2_color.avi,a4,s7,t2,290.99677,233.9871,268.2649,226.7698,265.06857,229.6471,30.268204,120.392350197952,28.6897270744347,261.04492,248.9639,264.08307,245.95998,260.11035,252.89162,4.8622894,15.5063174882335,27.2176145615686
a4_s7_t2_color.avi,a4,s7,t2,290.99677,233.9871,268.2649,226.7698,265.06857,229.6471,30.268204,120.392350197952,28.6897270744347,261.04492,248.9639,264.08307,245.95998,260.11035,252.89162,4.8622894,15.5063174882335,27.2176145615686
a18_s7_t4_color.avi,a18,s7,t4,299.98648,224.96094,301.9701,222.53433,316.5047,238.52516,30.082443,81.5328145544404,55.252984446295,307.98706,229.96504,310.88348,215.3624,308.2773,216.25296,14.002335,59.9150460145588,28.9217986083769
a18_s7_t4_color.avi,a18,s7,t4,299.98648,224.96094,301.9701,222.53433,316.5047,238.52516,30.082443,81.5328145544404,55.252984446295,307.98706,229.96504,310.88348,215.3624,308.2773,216.25296,14.002335,59.9150460145588,28.9217986083769
a21_s7_t4_color.avi,a21,s7,t4,313.96765,203.98521,322.40356,264.56522,534.97754,315.9859,333.01056,111.525975739677,133.415706548303,324.75964,357.01425,318.83997,356.46582,319.27615,304.0997,58.39804,94.8158474449327,28.9683150662694
a21_s7_t4_color.avi,a21,s7,t4,313.96765,203.98521,322.40356,264.56522,534.97754,315.9859,333.01056,111.525975739677,133.415706548303,324.75964,357.01425,318.83997,356.46582,319.27615,304.0997,58.39804,94.8158474449327,28.9683150662694
a21_s2_t3_color.avi,a21,s2,t3,251.01186,251.98775,304.24875,251.06447,299.65195,162.82936,137.79848,88.0113185114242,11.9220939532111,326.04028,357.01233,318.28952,363.1497,325.79346,276.4268,80.83237,46.6810705945042,29.3520799000595
a21_s2_t3_color.avi,a21,s2,t3,251.01186,251.98775,304.24875,251.06447,299.65195,162.82936,137.79848,88.0113185114242,11.9220939532111,326.04028,357.01233,318.28952,363.1497,325.79346,276.4268,80.83237,46.6810705945042,29.3520799000595
a11_s2_t2_color.avi,a11,s2,t2,321.91275,214.0145,279.63446,225.84729,298.8708,226.96747,35.994934,18.9685043012709,84.4687500539872,283.8377,210.05203,282.61752,217.53485,298.91605,220.90092,25.92723,92.4076130850676,29.4692173577947
a11_s2_t2_color.avi,a11,s2,t2,321.91275,214.0145,279.63446,225.84729,298.8708,226.96747,35.994934,18.9685043012709,84.4687500539872,283.8377,210.05203,282.61752,217.53485,298.91605,220.90092,25.92723,92.4076130850676,29.4692173577947
a22_s3_t3_color.avi,a22,s3,t3,276.9425,357.99554,271.36737,358.17398,274.81647,357.98322,2.1383667,1.33263900815679,173.186163501454,326.02338,356.9987,330.80713,356.956,325.1127,356.97583,0.9335327,0.311653448902254,30.0008929064373
a22_s3_t3_color.avi,a22,s3,t3,276.9425,357.99554,271.36737,358.17398,274.81647,357.98322,2.1383667,1.33263900815679,173.186163501454,326.02338,356.9987,330.80713,356.956,325.1127,356.97583,0.9335327,0.311653448902254,30.0008929064373
a3_s1_t2_color.avi,a3,s1,t2,358.86026,252.99413,326.57825,184.38217,327.2446,183.37195,101.23784,121.393795424325,78.5571723642779,346.84204,315.92184,350.63992,275.01718,350.06216,278.1276,41.014374,5.21821356661945,30.1411661485863
a3_s1_t2_color.avi,a3,s1,t2,358.86026,252.99413,326.57825,184.38217,327.2446,183.37195,101.23784,121.393795424325,78.5571723642779,346.84204,315.92184,350.63992,275.01718,350.06216,278.1276,41.014374,5.21821356661945,30.1411661485863
a21_s4_t4_color.avi,a21,s4,t4,290.0435,202.93562,302.49982,253.19089,549.0284,202.00339,259.9171,92.1910147959365,92.893769951102,346.82935,251.02528,319.10358,256.17603,314.06378,162.12534,121.66551,82.5431940400222,30.1554821366381
a21_s4_t4_color.avi,a21,s4,t4,290.0435,202.93562,302.49982,253.19089,549.0284,202.00339,259.9171,92.1910147959365,92.893769951102,346.82935,251.02528,319.10358,256.17603,314.06378,162.12534,121.66551,82.5431940400222,30.1554821366381
a15_s1_t4_color.avi,a15,s1,t4,45.017216,150.06221,44.974415,150.01833,545.01746,180.00966,529.9477,42.283683963286,121.253921514381,561.999,137.03012,561.99365,137.00298,303.85168,356.97714,478.09436,60.7564239499776,30.3965213750552
a15_s1_t4_color.avi,a15,s1,t4,45.017216,150.06221,44.974415,150.01833,545.01746,180.00966,529.9477,42.283683963286,121.253921514381,561.999,137.03012,561.99365,137.00298,303.85168,356.97714,478.09436,60.7564239499776,30.3965213750552
a17_s7_t3_color.avi,a17,s7,t3,296.81232,198.91809,305.5779,197.43274,309.15457,157.44835,53.811996,104.729136394153,5.30362317291233,273.72202,203.95094,281.0962,209.22856,265.6158,235.9558,40.111053,95.5115254787887,30.9086278499231
a17_s7_t3_color.avi,a17,s7,t3,296.81232,198.91809,305.5779,197.43274,309.15457,157.44835,53.811996,104.729136394153,5.30362317291233,273.72202,203.95094,281.0962,209.22856,265.6158,235.9558,40.111053,95.5115254787887,30.9086278499231
a4_s7_t3_color.avi,a4,s7,t3,291.98544,233.95355,304.95847,228.52051,310.70337,261.248,46.01236,77.2324103737917,21.9765986517848,261.02203,248.93578,262.4117,247.6004,256.3784,252.86183,8.569702,2.76793800576492,34.184138121044
a4_s7_t3_color.avi,a4,s7,t3,291.98544,233.95355,304.95847,228.52051,310.70337,261.248,46.01236,77.2324103737917,21.9765986517848,261.02203,248.93578,262.4117,247.6004,256.3784,252.86183,8.569702,2.76793800576492,34.184138121044
a7_s1_t1_color.avi,a7,s1,t1,349.19525,250.95166,335.62167,250.49167,336.1926,289.15958,51.21057,87.2131632692067,95.7632358455517,347.2552,285.96088,337.70502,273.12424,341.2996,290.21725,10.211975,24.7724617529974,35.7684495509217
a7_s1_t1_color.avi,a7,s1,t1,349.19525,250.95166,335.62167,250.49167,336.1926,289.15958,51.21057,87.2131632692067,95.7632358455517,347.2552,285.96088,337.70502,273.12424,341.2996,290.21725,10.211975,24.7724617529974,35.7684495509217
a14_s7_t4_color.avi,a14,s7,t4,276.6985,230.97089,319.5319,219.88268,309.87515,211.27248,52.875076,56.2344904215255,49.085490612567,281.6909,235.98407,317.89392,218.86253,311.02454,213.30687,52.01085,64.2753658231648,38.1862228583907
a14_s7_t4_color.avi,a14,s7,t4,276.6985,230.97089,319.5319,219.88268,309.87515,211.27248,52.875076,56.2344904215255,49.085490612567,281.6909,235.98407,317.89392,218.86253,311.02454,213.30687,52.01085,64.2753658231648,38.1862228583907
a8_s6_t3_color.avi,a8,s6,t3,535.0091,316.00635,39.00004,132.97781,39.018497,133.01242,678.9845,41.6703845693785,39.2283115246337,46.036457,149.96811,535.0492,316.00674,535.021,315.96625,654.98267,36.3958951119089,38.2568105279253
a8_s6_t3_color.avi,a8,s6,t3,535.0091,316.00635,39.00004,132.97781,39.018497,133.01242,678.9845,41.6703845693785,39.2283115246337,46.036457,149.96811,535.0492,316.00674,535.021,315.96625,654.98267,36.3958951119089,38.2568105279253
a23_s2_t3_color.avi,a23,s2,t3,283.04883,209.99805,285.9958,210.43604,291.15585,208.50146,9.603607,150.994744899866,12.2469902057286,323.01892,212.02625,325.40366,213.32687,329.02493,211.13515,6.89711,120.20822591235,38.4149703982727
a23_s2_t3_color.avi,a23,s2,t3,283.04883,209.99805,285.9958,210.43604,291.15585,208.50146,9.603607,150.994744899866,12.2469902057286,323.01892,212.02625,325.40366,213.32687,329.02493,211.13515,6.89711,120.20822591235,38.4149703982727
a14_s4_t4_color.avi,a14,s4,t4,46.000984,150.01196,45.964252,149.96896,534.98,315.99255,654.9596,30.7420603648996,84.3883713590693,539.9431,134.01106,540.01404,134.02472,280.34717,357.99783,483.5827,51.6783324318739,38.8397990962207
a14_s4_t4_color.avi,a14,s4,t4,46.000984,150.01196,45.964252,149.96896,534.98,315.99255,654.9596,30.7420603648996,84.3883713590693,539.9431,134.01106,540.01404,134.02472,280.34717,357.99783,483.5827,51.6783324318739,38.8397990962207
a13_s3_t4_color.avi,a13,s3,t4,302.97617,153.10614,302.67545,153.74261,302.77325,153.16194,0.25871277,15.7285253614515,180,276.01926,357.99026,276.2702,358.01566,276.21344,357.97107,0.2133789,32.371559135687,39.2894068625004
a13_s3_t4_color.avi,a13,s3,t4,302.97617,153.10614,302.67545,153.74261,302.77325,153.16194,0.25871277,15.7285253614515,180,276.01926,357.99026,276.2702,358.01566,276.21344,357.97107,0.2133789,32.371559135687,39.2894068625004
a17_s8_t1_color.avi,a17,s8,t1,547.98157,202.0013,547.96497,201.94955,109.94608,255.00282,491.03702,100.882723324846,43.4271306100535,354.02316,299.94687,387.66037,288.46286,547.9919,201.96346,291.95215,170.503315114387,39.5213571345602
a17_s8_t1_color.avi,a17,s8,t1,547.98157,202.0013,547.96497,201.94955,109.94608,255.00282,491.03702,100.882723324846,43.4271306100535,354.02316,299.94687,387.66037,288.46286,547.9919,201.96346,291.95215,170.503315114387,39.5213571345602
a23_s7_t2_color.avi,a23,s7,t2,296.91635,358.04166,292.93466,338.81082,296.57016,338.5646,19.823242,82.1768245750569,61.8359757097583,303.9725,337.0541,298.1355,330.65784,299.25372,336.93015,4.842743,32.2739714446384,40.7933917564105
a23_s7_t2_color.avi,a23,s7,t2,296.91635,358.04166,292.93466,338.81082,296.57016,338.5646,19.823242,82.1768245750569,61.8359757097583,303.9725,337.0541,298.1355,330.65784,299.25372,336.93015,4.842743,32.2739714446384,40.7933917564105
a10_s7_t3_color.avi,a10,s7,t3,329.02838,216.94643,180.32707,239.95714,179.70267,239.73708,172.11636,151.789314371135,164.205609646742,389.015,237.9585,357.52176,244.75938,310.63214,154.42337,161.918,105.246166849837,41.2056375291621
a10_s7_t3_color.avi,a10,s7,t3,329.02838,216.94643,180.32707,239.95714,179.70267,239.73708,172.11636,151.789314371135,164.205609646742,389.015,237.9585,357.52176,244.75938,310.63214,154.42337,161.918,105.246166849837,41.2056375291621
a1_s1_t3_color.avi,a1,s1,t3,611.9736,181.00847,8.036233,123.99069,8.039186,124.00343,660.93945,71.5594605616335,48.9613895042178,59.008106,176.9569,550.98267,321.04837,550.9892,321.0426,636.0668,122.225316524388,44.2630590365716
a1_s1_t3_color.avi,a1,s1,t3,611.9736,181.00847,8.036233,123.99069,8.039186,124.00343,660.93945,71.5594605616335,48.9613895042178,59.008106,176.9569,550.98267,321.04837,550.9892,321.0426,636.0668,122.225316524388,44.2630590365716
a13_s7_t1_color.avi,a13,s7,t1,301.99307,155.81926,302.00616,154.38354,302.15326,154.7399,1.2395477,22.9521853789103,4.76364169072614,327.9925,356.99774,327.68826,357.03238,329.0838,357.10443,1.197998,9.45088896848174,45
a13_s7_t1_color.avi,a13,s7,t1,301.99307,155.81926,302.00616,154.38354,302.15326,154.7399,1.2395477,22.9521853789103,4.76364169072614,327.9925,356.99774,327.68826,357.03238,329.0838,357.10443,1.197998,9.45088896848174,45
a16_s1_t1_color.avi,a16,s1,t1,348.06595,296.02063,335.75934,295.12122,337.06445,294.96335,12.058777,11.0769758628526,134.941653952013,289.01968,177.00685,288.04456,176.49052,287.3665,176.40523,2.2548218,159.268689933719,45
a16_s1_t1_color.avi,a16,s1,t1,348.06595,296.02063,335.75934,295.12122,337.06445,294.96335,12.058777,11.0769758628526,134.941653952013,289.01968,177.00685,288.04456,176.49052,287.3665,176.40523,2.2548218,159.268689933719,45
a16_s6_t2_color.avi,a16,s6,t2,330.9928,356.95874,329.8489,357.05536,330.004,357.00076,1.0308228,14.5654029403611,12.0947570770121,270.96854,357.96783,270.22763,358.01422,270.22568,358.02292,0.7979431,106.23896721076,45
a16_s6_t2_color.avi,a16,s6,t2,330.9928,356.95874,329.8489,357.05536,330.004,357.00076,1.0308228,14.5654029403611,12.0947570770121,270.96854,357.96783,270.22763,358.01422,270.22568,358.02292,0.7979431,106.23896721076,45
a11_s6_t1_color.avi,a11,s6,t1,280.20615,147.94518,281.1344,149.16023,276.44214,151.33987,7.1587067,77.5374189574203,30.1039157352451,265.97314,357.96524,265.97757,358.00604,264.38467,358.01578,1.6390076,84.1605268802367,45
a11_s6_t1_color.avi,a11,s6,t1,280.20615,147.94518,281.1344,149.16023,276.44214,151.33987,7.1587067,77.5374189574203,30.1039157352451,265.97314,357.96524,265.97757,358.00604,264.38467,358.01578,1.6390076,84.1605268802367,45
a14_s4_t2_color.avi,a14,s4,t2,561.0246,134.99501,561.00757,135.00093,45.96869,149.95644,530.01733,162.492221767554,94.431044345828,540.02075,134.00671,540.0348,133.98048,282.87137,358.2983,481.44098,20.74708753045,45.2158273678784
a14_s4_t2_color.avi,a14,s4,t2,561.0246,134.99501,561.00757,135.00093,45.96869,149.95644,530.01733,162.492221767554,94.431044345828,540.02075,134.00671,540.0348,133.98048,282.87137,358.2983,481.44098,20.74708753045,45.2158273678784
a4_s7_t4_color.avi,a4,s7,t4,261.9854,249.02069,260.8867,246.65572,257.3294,249.51025,5.145569,76.173449468942,9.39829774916455,275.98807,358.038,276.08585,358.042,276.2784,357.99686,0.33148193,164.467281474291,45.5729959991943
a4_s7_t4_color.avi,a4,s7,t4,261.9854,249.02069,260.8867,246.65572,257.3294,249.51025,5.145569,76.173449468942,9.39829774916455,275.98807,358.038,276.08585,358.042,276.2784,357.99686,0.33148193,164.467281474291,45.5729959991943
a2_s4_t2_color.avi,a2,s4,t2,535.00964,316.01364,535.04297,316.0437,39.02702,134.05676,677.9395,21.9029656391708,46.5784519069411,560.9864,136.01585,560.96545,136.00261,47.005646,174.9583,552.92316,143.345922224968,45.8690592749158
a2_s4_t2_color.avi,a2,s4,t2,535.00964,316.01364,535.04297,316.0437,39.02702,134.05676,677.9395,21.9029656391708,46.5784519069411,560.9864,136.01585,560.96545,136.00261,47.005646,174.9583,552.92316,143.345922224968,45.8690592749158
a22_s1_t4_color.avi,a22,s1,t4,328.93643,300.91516,340.04883,255.06113,329.74176,257.2798,44.440704,64.229511825778,17.2068375633752,278.02228,175.96579,282.35382,177.69473,268.38177,176.19182,9.866531,15.62003888257,47.205901287479
a22_s1_t4_color.avi,a22,s1,t4,328.93643,300.91516,340.04883,255.06113,329.74176,257.2798,44.440704,64.229511825778,17.2068375633752,278.02228,175.96579,282.35382,177.69473,268.38177,176.19182,9.866531,15.62003888257,47.205901287479
a21_s7_t3_color.avi,a21,s7,t3,283.83224,233.97752,283.84097,292.83295,272.0347,312.3774,90.19743,148.85648638407,32.9358226228141,300.97656,156.07869,299.9477,235.15929,298.24466,237.458,84.111206,144.211908199109,50.172537716249
a21_s7_t3_color.avi,a21,s7,t3,283.83224,233.97752,283.84097,292.83295,272.0347,312.3774,90.19743,148.85648638407,32.9358226228141,300.97656,156.07869,299.9477,235.15929,298.24466,237.458,84.111206,144.211908199109,50.172537716249
a21_s6_t1_color.avi,a21,s6,t1,39.01996,142.01562,38.98944,142.0149,329.22028,451.94183,600.1265,45.5048349575933,18.5046016585213,45.004883,150.01051,44.98965,149.98999,594.08716,179.0407,578.1124,50.3889581630499,50.7449138146142
a21_s6_t1_color.avi,a21,s6,t1,39.01996,142.01562,38.98944,142.0149,329.22028,451.94183,600.1265,45.5048349575933,18.5046016585213,45.004883,150.01051,44.98965,149.98999,594.08716,179.0407,578.1124,50.3889581630499,50.7449138146142
a6_s1_t4_color.avi,a6,s1,t4,38.988617,135.99466,534.96716,315.95792,534.9777,315.9651,675.95953,165.759049166496,50.9530538333813,593.994,178.99713,38.98095,136.03654,38.975754,136.06609,597.9493,95.5489211683735,52.3910500558134
a6_s1_t4_color.avi,a6,s1,t4,38.988617,135.99466,534.96716,315.95792,534.9777,315.9651,675.95953,165.759049166496,50.9530538333813,593.994,178.99713,38.98095,136.03654,38.975754,136.06609,597.9493,95.5489211683735,52.3910500558134
a19_s7_t4_color.avi,a19,s7,t4,314.00464,204.98544,311.10532,205.08453,319.82797,224.72818,25.56607,68.0140870090014,118.672400943298,320.02487,216.9959,312.97342,166.47148,327.1524,223.45816,13.589798,6.02700768221042,55.3247932213471
a19_s7_t4_color.avi,a19,s7,t4,314.00464,204.98544,311.10532,205.08453,319.82797,224.72818,25.56607,68.0140870090014,118.672400943298,320.02487,216.9959,312.97342,166.47148,327.1524,223.45816,13.589798,6.02700768221042,55.3247932213471
a20_s6_t1_color.avi,a20,s6,t1,39.0271,142.00546,38.998123,141.95366,535.02905,315.9564,669.9529,41.4490845111279,56.0018308645256,593.9677,178.97765,594.0049,178.98233,38.983162,141.95735,592.0049,3.36648406553025,57.4580669202595
a20_s6_t1_color.avi,a20,s6,t1,39.0271,142.00546,38.998123,141.95366,535.02905,315.9564,669.9529,41.4490845111279,56.0018308645256,593.9677,178.97765,594.0049,178.98233,38.983162,141.95735,592.0049,3.36648406553025,57.4580669202595
a21_s2_t1_color.avi,a21,s2,t1,548.9882,202.01323,548.9995,201.99785,38.976124,141.97162,570.0537,60.429040234641,59.4062992177075,538.9953,113.04679,538.99066,113.0055,46.037926,176.02727,555.93787,89.1244156483894,58.5032015455378
a21_s2_t1_color.avi,a21,s2,t1,548.9882,202.01323,548.9995,201.99785,38.976124,141.97162,570.0537,60.429040234641,59.4062992177075,538.9953,113.04679,538.99066,113.0055,46.037926,176.02727,555.93787,89.1244156483894,58.5032015455378
a22_s4_t3_color.avi,a22,s4,t3,306.96936,455.03088,274.07407,454.71017,273.86203,454.79095,33.34726,158.585926654925,13.5057762585632,287.99606,453.97787,293.60715,442.9199,292.93677,450.36398,8.554596,21.7584128409716,59.9019451175376
a22_s4_t3_color.avi,a22,s4,t3,306.96936,455.03088,274.07407,454.71017,273.86203,454.79095,33.34726,158.585926654925,13.5057762585632,287.99606,453.97787,293.60715,442.9199,292.93677,450.36398,8.554596,21.7584128409716,59.9019451175376
a1_s1_t4_color.avi,a1,s1,t4,611.9906,181.03264,612.02765,181.04097,8.022427,124.02371,660.9771,7.28099833676965,66.9728364588858,57.995144,150.98103,58.03049,150.96594,612.0456,181.02353,584.09296,153.775064443803,65.3768797993747
a1_s1_t4_color.avi,a1,s1,t4,611.9906,181.03264,612.02765,181.04097,8.022427,124.02371,660.9771,7.28099833676965,66.9728364588858,57.995144,150.98103,58.03049,150.96594,612.0456,181.02353,584.09296,153.775064443803,65.3768797993747
a25_s7_t4_color.avi,a25,s7,t4,279.01672,234.071,281.7064,293.14584,287.5084,289.48895,63.909622,60.3844202116184,160.642101081076,317.0244,218.04993,317.56543,255.84894,315.4269,256.64478,40.192352,109.592439009927,66.1674982736446
a25_s7_t4_color.avi,a25,s7,t4,279.01672,234.071,281.7064,293.14584,287.5084,289.48895,63.909622,60.3844202116184,160.642101081076,317.0244,218.04993,317.56543,255.84894,315.4269,256.64478,40.192352,109.592439009927,66.1674982736446
a24_s5_t1_color.avi,a24,s5,t1,276.93967,251.98346,280.4352,239.15924,288.34988,174.10748,89.286194,171.690011076472,94.4962328936301,283.93524,248.9646,281.44693,233.95518,289.18042,167.70491,86.50487,163.928838836331,68.359505371799
a24_s5_t1_color.avi,a24,s5,t1,276.93967,251.98346,280.4352,239.15924,288.34988,174.10748,89.286194,171.690011076472,94.4962328936301,283.93524,248.9646,281.44693,233.95518,289.18042,167.70491,86.50487,163.928838836331,68.359505371799
a4_s4_t3_color.avi,a4,s4,t3,261.93036,244.99025,283.4485,203.47005,264.9703,213.73102,34.29918,33.5607407939983,6.12517179195883,388.0189,238.00346,357.0149,245.06792,360.98474,244.99669,34.027374,11.8081405684179,68.9452979387229
a4_s4_t3_color.avi,a4,s4,t3,261.93036,244.99025,283.4485,203.47005,264.9703,213.73102,34.29918,33.5607407939983,6.12517179195883,388.0189,238.00346,357.0149,245.06792,360.98474,244.99669,34.027374,11.8081405684179,68.9452979387229
a13_s5_t3_color.avi,a13,s5,t3,283.07663,169.9717,284.08435,169.77214,286.73972,167.57092,6.063858,151.543403908043,2.26386866302589,301.05814,357.94473,302.1622,357.90512,301.08218,357.88797,0.08081055,2.96461797441428,71.565051177078
a13_s5_t3_color.avi,a13,s5,t3,283.07663,169.9717,284.08435,169.77214,286.73972,167.57092,6.063858,151.543403908043,2.26386866302589,301.05814,357.94473,302.1622,357.90512,301.08218,357.88797,0.08081055,2.96461797441428,71.565051177078
a19_s5_t3_color.avi,a19,s5,t3,281.05386,169.9818,279.49472,170.61282,279.64966,170.73317,2.1555786,59.8723584301904,90,300.97473,357.99506,300.7912,358.05884,300.85208,357.9009,0.21679688,49.7544989067111,75.9637565320735
a19_s5_t3_color.avi,a19,s5,t3,281.05386,169.9818,279.49472,170.61282,279.64966,170.73317,2.1555786,59.8723584301904,90,300.97473,357.99506,300.7912,358.05884,300.85208,357.9009,0.21679688,49.7544989067111,75.9637565320735
a7_s2_t4_color.avi,a7,s2,t4,534.9872,316.03305,534.9952,316.05023,38.988003,133.97086,678.0614,44.8867293421538,77.4260024469262,562.0064,136.99036,562.0178,136.97038,46.027905,176.94363,555.93176,55.8253179630833,77.1562180648001
a7_s2_t4_color.avi,a7,s2,t4,534.9872,316.03305,534.9952,316.05023,38.988003,133.97086,678.0614,44.8867293421538,77.4260024469262,562.0064,136.99036,562.0178,136.97038,46.027905,176.94363,555.93176,55.8253179630833,77.1562180648001
a9_s1_t1_color.avi,a9,s1,t1,594.11273,179.00592,594.1001,179.01573,39.00017,133.00388,601.1146,137.429779713993,79.4404964872286,45.97433,175.97392,45.979244,175.98941,539.0077,113.01067,555.9966,100.321723357584,78.2012800155361
a9_s1_t1_color.avi,a9,s1,t1,594.11273,179.00592,594.1001,179.01573,39.00017,133.00388,601.1146,137.429779713993,79.4404964872286,45.97433,175.97392,45.979244,175.98941,539.0077,113.01067,555.9966,100.321723357584,78.2012800155361
a10_s1_t4_color.avi,a10,s1,t4,534.997,315.9748,534.959,315.99036,38.998314,132.96797,679.0055,137.48485901821,78.8640402200067,45.991127,176.00409,46.01101,176.00745,538.971,112.95898,556.025,163.128065368993,78.3613509200015
a10_s1_t4_color.avi,a10,s1,t4,534.997,315.9748,534.959,315.99036,38.998314,132.96797,679.0055,137.48485901821,78.8640402200067,45.991127,176.00409,46.01101,176.00745,538.971,112.95898,556.025,163.128065368993,78.3613509200015
a10_s1_t2_color.avi,a10,s1,t2,594.0101,179.02777,594.03107,179.0053,45.97181,149.94975,577.1163,49.984711070563,79.5088502923548,45.991253,175.00575,45.99949,175.00989,538.994,113.03263,554.9759,146.174091806334,78.4219945012551
a10_s1_t2_color.avi,a10,s1,t2,594.0101,179.02777,594.03107,179.0053,45.97181,149.94975,577.1163,49.984711070563,79.5088502923548,45.991253,175.00575,45.99949,175.00989,538.994,113.03263,554.9759,146.174091806334,78.4219945012551
a1_s2_t3_color.avi,a1,s2,t3,45.945892,149.94365,45.939865,149.92207,535.00214,316.041,655.15356,55.6313334053149,78.8603368004123,539.0137,113.99684,539.0005,113.9555,45.982136,176.97511,556.00977,100.402060822543,78.4277165691379
a1_s2_t3_color.avi,a1,s2,t3,45.945892,149.94365,45.939865,149.92207,535.00214,316.041,655.15356,55.6313334053149,78.8603368004123,539.0137,113.99684,539.0005,113.9555,45.982136,176.97511,556.00977,100.402060822543,78.4277165691379
a6_s4_t3_color.avi,a6,s4,t3,261.89813,245.03058,274.59308,245.09753,262.1897,246.32458,1.5855713,5.9519975487044,2.2041048584998,281.9301,358.01498,282.69824,358.00528,281.81876,358.07516,0.1715393,3.81948248318033,78.6900675259798
a6_s4_t3_color.avi,a6,s4,t3,261.89813,245.03058,274.59308,245.09753,262.1897,246.32458,1.5855713,5.9519975487044,2.2041048584998,281.9301,358.01498,282.69824,358.00528,281.81876,358.07516,0.1715393,3.81948248318033,78.6900675259798
a7_s8_t4_color.avi,a7,s8,t4,332.95496,278.00922,331.8892,277.8046,337.0674,275.8954,6.226288,31.1071108633105,174.932939311426,302.0156,135.96815,301.391,138.60329,303.77734,132.66113,5.0687714,8.54558319424252,81.1061618024898
a7_s8_t4_color.avi,a7,s8,t4,332.95496,278.00922,331.8892,277.8046,337.0674,275.8954,6.226288,31.1071108633105,174.932939311426,302.0156,135.96815,301.391,138.60329,303.77734,132.66113,5.0687714,8.54558319424252,81.1061618024898
a10_s4_t3_color.avi,a10,s4,t3,545.0292,181.00186,545.0404,180.99553,38.97148,141.92555,545.134,33.8314950980095,82.5914465070511,109.98141,255.01088,109.98247,255.02444,545.0218,180.99176,509.0595,84.8123889949033,81.5117225551245
a10_s4_t3_color.avi,a10,s4,t3,545.0292,181.00186,545.0404,180.99553,38.97148,141.92555,545.134,33.8314950980095,82.5914465070511,109.98141,255.01088,109.98247,255.02444,545.0218,180.99176,509.0595,84.8123889949033,81.5117225551245
a6_s4_t4_color.avi,a6,s4,t4,263.0815,244.9695,272.78107,228.85852,269.6629,242.98006,8.570831,18.5982543569802,1.41915763207897,282.01642,358.02252,281.95154,358.0632,282.56598,357.98337,0.5887146,24.6847344487538,82.0288156971857
a6_s4_t4_color.avi,a6,s4,t4,263.0815,244.9695,272.78107,228.85852,269.6629,242.98006,8.570831,18.5982543569802,1.41915763207897,282.01642,358.02252,281.95154,358.0632,282.56598,357.98337,0.5887146,24.6847344487538,82.0288156971857
a9_s4_t3_color.avi,a9,s4,t3,594.0032,179.01314,594.02246,178.98949,46.013023,150.01378,576.9895,53.8299802190591,83.1413527048428,560.97864,135.98198,560.94305,135.98488,46.003025,177.0036,555.9972,179.895557018761,82.7070363321491
a9_s4_t3_color.avi,a9,s4,t3,594.0032,179.01314,594.02246,178.98949,46.013023,150.01378,576.9895,53.8299802190591,83.1413527048428,560.97864,135.98198,560.94305,135.98488,46.003025,177.0036,555.9972,179.895557018761,82.7070363321491
a21_s1_t3_color.avi,a21,s1,t3,344.0504,280.84027,347.07794,363.61777,333.69025,360.02264,89.54254,72.8738368285149,16.2226575886125,282.9897,177.94876,304.91803,232.2832,303.96057,129.55096,69.36868,21.4440860665514,87.3751912754193
a21_s1_t3_color.avi,a21,s1,t3,344.0504,280.84027,347.07794,363.61777,333.69025,360.02264,89.54254,72.8738368285149,16.2226575886125,282.9897,177.94876,304.91803,232.2832,303.96057,129.55096,69.36868,21.4440860665514,87.3751912754193
a8_s2_t2_color.avi,a8,s2,t2,322.96158,212.9581,317.7624,207.49776,374.88727,251.6651,90.63269,8.69326710727176,91.3534412936643,286.02002,210.02214,281.0764,212.93065,293.59952,166.80446,50.79718,44.340754997111,88.6744169726508
a8_s2_t2_color.avi,a8,s2,t2,322.96158,212.9581,317.7624,207.49776,374.88727,251.6651,90.63269,8.69326710727176,91.3534412936643,286.02002,210.02214,281.0764,212.93065,293.59952,166.80446,50.79718,44.340754997111,88.6744169726508
a9_s2_t1_color.avi,a9,s2,t1,389.00208,238.00217,389.0071,237.98227,335.19745,244.25284,60.055298,69.1516263063387,5.45689984993607,46.030228,162.97302,45.98759,162.96808,46.000584,162.98367,0.040294647,43.5858937285995,89.7322646612978
a9_s2_t1_color.avi,a9,s2,t1,389.00208,238.00217,389.0071,237.98227,335.19745,244.25284,60.055298,69.1516263063387,5.45689984993607,46.030228,162.97302,45.98759,162.96808,46.000584,162.98367,0.040294647,43.5858937285995,89.7322646612978
a2_s3_t3_color.avi,a2,s3,t3,389.04666,237.0435,388.99445,237.04002,334.85895,243.75807,60.902283,169.114081046585,4.48936249176815,559.9902,112.020355,560.02014,111.992325,560.0198,112.0028,0.047157288,44.9114278956106,89.782147949663
a2_s3_t3_color.avi,a2,s3,t3,389.04666,237.0435,388.99445,237.04002,334.85895,243.75807,60.902283,169.114081046585,4.48936249176815,559.9902,112.020355,560.02014,111.992325,560.0198,112.0028,0.047157288,44.9114278956106,89.782147949663
a3_s3_t1_color.avi,a3,s3,t1,389.0142,237.02881,303.40186,158.25038,303.0244,158.61337,164.40521,93.4985055262552,97.8464062645715,559.9979,111.98308,559.97986,112.00716,560.0011,111.95744,0.028808594,13.7466287017846,89.7900840360446
a3_s3_t1_color.avi,a3,s3,t1,389.0142,237.02881,303.40186,158.25038,303.0244,158.61337,164.40521,93.4985055262552,97.8464062645715,559.9979,111.98308,559.97986,112.00716,560.0011,111.95744,0.028808594,13.7466287017846,89.7900840360446
a8_s6_t1_color.avi,a8,s6,t1,389.02322,236.98735,339.13028,242.18906,339.80838,244.07622,56.30371,76.1874683192607,165.169135372473,45.989178,162.96082,46.008816,162.9176,45.990303,162.91812,0.043819427,63.955386454948,89.8203899942529
a8_s6_t1_color.avi,a8,s6,t1,389.02322,236.98735,339.13028,242.18906,339.80838,244.07622,56.30371,76.1874683192607,165.169135372473,45.989178,162.96082,46.008816,162.9176,45.990303,162.91812,0.043819427,63.955386454948,89.8203899942529
a6_s2_t3_color.avi,a6,s2,t3,283.14606,214.93425,277.39087,216.83904,288.66016,213.79373,6.6546173,3.19103149292791,0.936483644083194,333.99625,300.00726,335.89865,264.90613,330.0912,298.9004,5.0119324,6.59239582546685,89.8878885315986
a6_s2_t3_color.avi,a6,s2,t3,283.14606,214.93425,277.39087,216.83904,288.66016,213.79373,6.6546173,3.19103149292791,0.936483644083194,333.99625,300.00726,335.89865,264.90613,330.0912,298.9004,5.0119324,6.59239582546685,89.8878885315986
a9_s1_t4_color.avi,a9,s1,t4,300.9741,131.03256,300.7241,132.64915,309.18546,99.01399,40.229935,5.32954775218119,2.41035402432141,389.02673,237.04413,389.02457,237.01292,425.203,239.91121,39.04335,81.4476602245459,90
a9_s1_t4_color.avi,a9,s1,t4,300.9741,131.03256,300.7241,132.64915,309.18546,99.01399,40.229935,5.32954775218119,2.41035402432141,389.02673,237.04413,389.02457,237.01292,425.203,239.91121,39.04335,81.4476602245459,90
a5_s8_t3_color.avi,a5,s8,t3,388.9964,237.97763,330.89752,196.07225,346.59607,248.83531,53.25801,37.6286858271877,8.14764473574675,40.039448,171.96591,39.982075,171.99118,39.99864,171.98355,0.05844879,0.96169377365882,90
a5_s8_t3_color.avi,a5,s8,t3,388.9964,237.97763,330.89752,196.07225,346.59607,248.83531,53.25801,37.6286858271877,8.14764473574675,40.039448,171.96591,39.982075,171.99118,39.99864,171.98355,0.05844879,0.96169377365882,90
a9_s7_t1_color.avi,a9,s7,t1,388.98553,238.00124,389.02042,237.97908,311.4844,133.70276,181.7996,85.789385538485,22.3815458208923,46.98819,164.00719,46.98834,164.01323,47.018047,163.94891,0.08813095,26.2036414207031,90
a9_s7_t1_color.avi,a9,s7,t1,388.98553,238.00124,389.02042,237.97908,311.4844,133.70276,181.7996,85.789385538485,22.3815458208923,46.98819,164.00719,46.98834,164.01323,47.018047,163.94891,0.08813095,26.2036414207031,90
a24_s4_t1_color.avi,a24,s4,t1,301.9855,212.00475,302.00726,216.25484,301.88403,153.97746,58.128754,0.179717688385129,50.4122650776544,539.9859,133.97983,539.9915,133.99774,540.01306,134.02432,0.07165527,158.377100251012,90
a24_s4_t1_color.avi,a24,s4,t1,301.9855,212.00475,302.00726,216.25484,301.88403,153.97746,58.128754,0.179717688385129,50.4122650776544,539.9859,133.97983,539.9915,133.99774,540.01306,134.02432,0.07165527,158.377100251012,90
a11_s2_t1_color.avi,a11,s2,t1,320.9165,213.98528,279.5771,225.30447,299.63364,227.49725,34.794846,21.552271697848,61.0834344323478,540.0277,133.99731,540.0321,133.96124,539.97687,133.98569,0.062469482,59.1826569610195,90
a11_s2_t1_color.avi,a11,s2,t1,320.9165,213.98528,279.5771,225.30447,299.63364,227.49725,34.794846,21.552271697848,61.0834344323478,540.0277,133.99731,540.0321,133.96124,539.97687,133.98569,0.062469482,59.1826569610195,90
a17_s4_t4_color.avi,a17,s4,t4,388.99014,237.97821,382.12717,208.4327,358.44208,246.08688,38.65674,45.2475913516972,86.968494744118,560.00665,112.99559,560.03,113.00791,559.983,112.99083,0.028442383,7.84219626421081,90
a17_s4_t4_color.avi,a17,s4,t4,388.99014,237.97821,382.12717,208.4327,358.44208,246.08688,38.65674,45.2475913516972,86.968494744118,560.00665,112.99559,560.03,113.00791,559.983,112.99083,0.028442383,7.84219626421081,90
a17_s3_t3_color.avi,a17,s3,t3,535.0325,316.02942,534.9976,316.02856,38.97831,141.00043,671.0831,161.96834840524,90,44.951912,148.94984,45.005707,148.99629,594.0591,179.01154,579.1689,142.320991451152,90
a17_s3_t3_color.avi,a17,s3,t3,535.0325,316.02942,534.9976,316.02856,38.97831,141.00043,671.0831,161.96834840524,90,44.951912,148.94984,45.005707,148.99629,594.0591,179.01154,579.1689,142.320991451152,90
a8_s1_t2_color.avi,a8,s1,t2,535.0436,315.99146,535.0265,315.97336,38.996666,132.98969,679.0487,153.609425318282,90,45.969463,150.03445,45.966465,150.0153,593.97253,178.9655,576.9341,78.077212498187,90
a8_s1_t2_color.avi,a8,s1,t2,535.0436,315.99146,535.0265,315.97336,38.996666,132.98969,679.0487,153.609425318282,90,45.969463,150.03445,45.966465,150.0153,593.97253,178.9655,576.9341,78.077212498187,90
a10_s2_t1_color.avi,a10,s2,t1,320.89865,212.99727,312.71652,208.14992,386.0781,258.67493,110.8571,3.91182224018506,139.931979730676,45.991016,163.00496,45.987747,163.01453,46.020916,163.0333,0.05823517,100.637390148702,90
a10_s2_t1_color.avi,a10,s2,t1,320.89865,212.99727,312.71652,208.14992,386.0781,258.67493,110.8571,3.91182224018506,139.931979730676,45.991016,163.00496,45.987747,163.01453,46.020916,163.0333,0.05823517,100.637390148702,90
a24_s6_t1_color.avi,a24,s6,t1,301.98807,200.0352,302.00168,231.34488,309.35684,96.12878,111.2752,3.13847046544906,170.272419763556,540.0032,133.97778,540.00867,134.00562,539.9305,134.08826,0.1831665,125.422035319796,90
a24_s6_t1_color.avi,a24,s6,t1,301.98807,200.0352,302.00168,231.34488,309.35684,96.12878,111.2752,3.13847046544906,170.272419763556,540.0032,133.97778,540.00867,134.00562,539.9305,134.08826,0.1831665,125.422035319796,90
a4_s5_t3_color.avi,a4,s5,t3,389.01932,238.00186,363.82535,249.10454,354.03088,248.65627,45.642838,153.59701650132,174.190030092582,40.021465,171.98102,40.013786,171.99403,39.98229,172.01147,0.069633484,149.51343117266,90
a4_s5_t3_color.avi,a4,s5,t3,389.01932,238.00186,363.82535,249.10454,354.03088,248.65627,45.642838,153.59701650132,174.190030092582,40.021465,171.98102,40.013786,171.99403,39.98229,172.01147,0.069633484,149.51343117266,90
a10_s1_t1_color.avi,a10,s1,t1,38.98414,133.03539,38.995087,133.05435,549.0094,201.96086,578.95074,127.689410049538,93.5589092390927,45.985092,175.99142,45.996315,175.9956,539.04034,112.974304,556.0724,152.283738401752,93.6775188443274
a10_s1_t1_color.avi,a10,s1,t1,38.98414,133.03539,38.995087,133.05435,549.0094,201.96086,578.95074,127.689410049538,93.5589092390927,45.985092,175.99142,45.996315,175.9956,539.04034,112.974304,556.0724,152.283738401752,93.6775188443274
a19_s6_t3_color.avi,a19,s6,t3,548.9774,201.98813,549.0133,201.95518,38.992947,132.97948,578.9931,50.2521445966074,94.0024070411484,539.011,112.99758,539.03174,113.00002,46.019634,176.01924,556.013,13.9941524334593,94.1500751119027
a19_s6_t3_color.avi,a19,s6,t3,548.9774,201.98813,549.0133,201.95518,38.992947,132.97948,578.9931,50.2521445966074,94.0024070411484,539.011,112.99758,539.03174,113.00002,46.019634,176.01924,556.013,13.9941524334593,94.1500751119027
a16_s1_t4_color.avi,a16,s1,t4,265.94974,299.95007,260.6749,267.5961,249.7453,260.42355,55.730957,132.534656802102,157.053159783636,336.86435,297.1297,334.18182,252.31947,344.65906,289.59973,15.3246765,12.2715885946351,96.6755725013386
a16_s1_t4_color.avi,a16,s1,t4,265.94974,299.95007,260.6749,267.5961,249.7453,260.42355,55.730957,132.534656802102,157.053159783636,336.86435,297.1297,334.18182,252.31947,344.65906,289.59973,15.3246765,12.2715885946351,96.6755725013386
a11_s8_t2_color.avi,a11,s8,t2,534.9877,315.99905,535.0023,315.94025,38.994793,132.98523,679.0067,96.2595025499949,99.8779433882285,593.9939,179.01987,594.0306,179.00204,46.0222,149.98402,577.0075,28.9441925933461,99.3279492700282
a11_s8_t2_color.avi,a11,s8,t2,534.9877,315.99905,535.0023,315.94025,38.994793,132.98523,679.0067,96.2595025499949,99.8779433882285,593.9939,179.01987,594.0306,179.00204,46.0222,149.98402,577.0075,28.9441925933461,99.3279492700282
a14_s8_t3_color.avi,a14,s8,t3,311.00406,358.03595,311.84183,358.61887,300.71542,328.6978,39.62677,34.7718563971853,172.555192725008,389.04755,237.96991,385.0034,201.44109,369.90997,247.34137,28.509033,24.5200103856616,101.180619142068
a14_s8_t3_color.avi,a14,s8,t3,311.00406,358.03595,311.84183,358.61887,300.71542,328.6978,39.62677,34.7718563971853,172.555192725008,389.04755,237.96991,385.0034,201.44109,369.90997,247.34137,28.509033,24.5200103856616,101.180619142068
a15_s7_t3_color.avi,a15,s7,t3,593.9979,178.98685,45.98876,149.96437,45.999355,149.98192,577.00354,55.8492603308635,77.6663423092033,330.80057,320.70816,562.0145,136.9629,562.0136,136.99385,414.92737,49.8312607326198,107.259881445121
a15_s7_t3_color.avi,a15,s7,t3,593.9979,178.98685,45.98876,149.96437,45.999355,149.98192,577.00354,55.8492603308635,77.6663423092033,330.80057,320.70816,562.0145,136.9629,562.0136,136.99385,414.92737,49.8312607326198,107.259881445121
a27_s5_t3_color.avi,a27,s5,t3,534.9588,315.99338,534.97955,315.9274,38.973885,141.95445,670.02386,91.8686192589087,113.632557083277,46.0097,175.97617,45.990986,175.95316,539.0496,113.030045,555.986,58.1502037857653,114.694028209333
a27_s5_t3_color.avi,a27,s5,t3,534.9588,315.99338,534.97955,315.9274,38.973885,141.95445,670.02386,91.8686192589087,113.632557083277,46.0097,175.97617,45.990986,175.95316,539.0496,113.030045,555.986,58.1502037857653,114.694028209333
a6_s7_t2_color.avi,a6,s7,t2,295.09662,234.0234,303.41397,219.14464,304.08487,272.62915,47.593994,29.9242130009689,40.2773867731502,266.08243,250.01996,278.5299,237.42859,263.4515,248.19588,4.455002,9.79912576607577,115.309029339231
a6_s7_t2_color.avi,a6,s7,t2,295.09662,234.0234,303.41397,219.14464,304.08487,272.62915,47.593994,29.9242130009689,40.2773867731502,266.08243,250.01996,278.5299,237.42859,263.4515,248.19588,4.455002,9.79912576607577,115.309029339231
a8_s1_t1_color.avi,a8,s1,t1,534.9957,316.0068,534.99976,315.94733,39.00811,132.97525,679.01917,106.374536658565,116.361903022875,46.012665,149.97838,46.00982,150.03987,594.02075,179.02808,577.05774,90.3783214369935,115.376079862669
a8_s1_t1_color.avi,a8,s1,t1,534.9957,316.0068,534.99976,315.94733,39.00811,132.97525,679.01917,106.374536658565,116.361903022875,46.012665,149.97838,46.00982,150.03987,594.02075,179.02808,577.05774,90.3783214369935,115.376079862669
a19_s1_t3_color.avi,a19,s1,t3,349.0248,250.95207,340.4199,249.55399,340.4475,274.58713,32.212357,80.7082805779357,84.7429142497829,285.91656,178.05592,282.88776,180.28769,284.28165,178.94359,2.522583,7.57371962360323,116.334247846853
a19_s1_t3_color.avi,a19,s1,t3,349.0248,250.95207,340.4199,249.55399,340.4475,274.58713,32.212357,80.7082805779357,84.7429142497829,285.91656,178.05592,282.88776,180.28769,284.28165,178.94359,2.522583,7.57371962360323,116.334247846853
a22_s7_t3_color.avi,a22,s7,t3,282.2544,234.97382,287.639,235.22942,303.11438,264.95428,50.840454,120.22011499646,68.7827295201819,293.10657,358.0218,290.84564,356.8152,297.87265,347.08994,15.697937,82.2377150284111,117.369668497691
a22_s7_t3_color.avi,a22,s7,t3,282.2544,234.97382,287.639,235.22942,303.11438,264.95428,50.840454,120.22011499646,68.7827295201819,293.10657,358.0218,290.84564,356.8152,297.87265,347.08994,15.697937,82.2377150284111,117.369668497691
a22_s1_t2_color.avi,a22,s1,t2,292.03018,356.9899,289.993,356.5307,289.2805,353.24164,6.4979553,114.926086090112,2.642577227726,279.06543,177.01376,283.69333,186.26512,276.73087,174.46318,4.885147,3.96206135986425,119.240196640906
a22_s1_t2_color.avi,a22,s1,t2,292.03018,356.9899,289.993,356.5307,289.2805,353.24164,6.4979553,114.926086090112,2.642577227726,279.06543,177.01376,283.69333,186.26512,276.73087,174.46318,4.885147,3.96206135986425,119.240196640906
a15_s3_t2_color.avi,a15,s3,t2,534.9688,315.99634,38.979866,142.0452,38.991722,142.02466,669.9487,79.3301959765424,117.732616437668,594.0111,178.99162,110.98676,254.00432,110.95875,253.98923,558.05,142.862532744945,119.310880610318
a15_s3_t2_color.avi,a15,s3,t2,534.9688,315.99634,38.979866,142.0452,38.991722,142.02466,669.9487,79.3301959765424,117.732616437668,594.0111,178.99162,110.98676,254.00432,110.95875,253.98923,558.05,142.862532744945,119.310880610318
a17_s6_t2_color.avi,a17,s6,t2,538.98785,113.026695,539.00934,113.028946,45.972645,174.94748,554.936,13.138499820554,121.408006639493,39.984356,170.99458,40.000072,170.98674,540.02075,133.98439,537.04663,157.711731322479,121.408933860502
a17_s6_t2_color.avi,a17,s6,t2,538.98785,113.026695,539.00934,113.028946,45.972645,174.94748,554.936,13.138499820554,121.408006639493,39.984356,170.99458,40.000072,170.98674,540.02075,133.98439,537.04663,157.711731322479,121.408933860502
a10_s6_t4_color.avi,a10,s6,t4,347.75977,282.96014,338.3194,259.48016,337.42383,257.96613,35.329956,171.298316333435,148.475544487093,339.89655,306.99387,341.27112,272.25314,339.93915,272.47458,34.56189,78.2952776490889,122.526983464787
a10_s6_t4_color.avi,a10,s6,t4,347.75977,282.96014,338.3194,259.48016,337.42383,257.96613,35.329956,171.298316333435,148.475544487093,339.89655,306.99387,341.27112,272.25314,339.93915,272.47458,34.56189,78.2952776490889,122.526983464787
a7_s8_t3_color.avi,a7,s8,t3,302.10776,136.04477,299.57816,138.1414,301.40497,144.6973,9.355316,114.082678371476,134.07867244047,274.99588,358.03268,273.7437,358.06296,274.4265,358.03485,0.5715332,0.972365168551777,123.69006752598
a7_s8_t3_color.avi,a7,s8,t3,302.10776,136.04477,299.57816,138.1414,301.40497,144.6973,9.355316,114.082678371476,134.07867244047,274.99588,358.03268,273.7437,358.06296,274.4265,358.03485,0.5715332,0.972365168551777,123.69006752598
a8_s2_t4_color.avi,a8,s2,t4,46.01087,177.01538,593.9873,178.97586,594.0351,179.00812,550.01697,146.186894379332,130.67272693681,561.0077,135.97685,279.4268,214.5653,279.1209,210.07848,355.9884,78.3056813950238,125.473372989084
a8_s2_t4_color.avi,a8,s2,t4,46.01087,177.01538,593.9873,178.97586,594.0351,179.00812,550.01697,146.186894379332,130.67272693681,561.0077,135.97685,279.4268,214.5653,279.1209,210.07848,355.9884,78.3056813950238,125.473372989084
a23_s1_t4_color.avi,a23,s1,t4,306.9431,356.991,307.86267,356.5864,303.05258,356.14383,4.7377014,29.0062286898391,4.0856167799748,288.9616,177.00822,299.10617,175.82596,284.44916,176.95538,4.5652924,2.24096997466769,128.036325773319
a23_s1_t4_color.avi,a23,s1,t4,306.9431,356.991,307.86267,356.5864,303.05258,356.14383,4.7377014,29.0062286898391,4.0856167799748,288.9616,177.00822,299.10617,175.82596,284.44916,176.95538,4.5652924,2.24096997466769,128.036325773319
a14_s2_t4_color.avi,a14,s2,t4,263.8721,208.87964,269.41702,222.01312,219.96681,168.36081,84.42412,19.7767709306404,2.78568055333013,314.67227,289.81448,304.94223,262.95737,310.2353,215.18126,79.070206,153.763150008917,130.733332644075
a14_s2_t4_color.avi,a14,s2,t4,263.8721,208.87964,269.41702,222.01312,219.96681,168.36081,84.42412,19.7767709306404,2.78568055333013,314.67227,289.81448,304.94223,262.95737,310.2353,215.18126,79.070206,153.763150008917,130.733332644075
a13_s8_t1_color.avi,a13,s8,t1,332.99817,281.99017,332.3976,278.3734,330.982,277.0505,6.955841,142.488824584285,171.613023744028,277.0046,357.97803,277.09045,358.08707,275.61496,357.87537,1.4923096,43.621924064866,131.916175300454
a13_s8_t1_color.avi,a13,s8,t1,332.99817,281.99017,332.3976,278.3734,330.982,277.0505,6.955841,142.488824584285,171.613023744028,277.0046,357.97803,277.09045,358.08707,275.61496,357.87537,1.4923096,43.621924064866,131.916175300454
a7_s2_t2_color.avi,a7,s2,t2,320.0269,211.9918,316.53522,184.82523,343.71384,291.84317,103.538315,6.92583149142935,28.8997136455016,388.9996,237.96423,317.02234,174.30191,320.99484,207.0171,98.95189,41.5845860601662,132.808433764825
a7_s2_t2_color.avi,a7,s2,t2,320.0269,211.9918,316.53522,184.82523,343.71384,291.84317,103.538315,6.92583149142935,28.8997136455016,388.9996,237.96423,317.02234,174.30191,320.99484,207.0171,98.95189,41.5845860601662,132.808433764825
a22_s2_t2_color.avi,a22,s2,t2,335.06815,355.98056,333.23917,356.10208,329.95773,355.99933,5.129181,174.405201984159,1.40900337708009,325.086,210.94485,325.97656,217.88612,322.2787,211.27824,3.1407013,21.9209851955114,133.086733403459
a22_s2_t2_color.avi,a22,s2,t2,335.06815,355.98056,333.23917,356.10208,329.95773,355.99933,5.129181,174.405201984159,1.40900337708009,325.086,210.94485,325.97656,217.88612,322.2787,211.27824,3.1407013,21.9209851955114,133.086733403459
a13_s4_t1_color.avi,a13,s4,t1,344.02106,249.99863,358.1351,252.17293,335.59802,260.3714,18.795807,28.7479255610107,147.971963818952,280.0283,358.03012,278.77115,358.09116,281.13312,358.1024,1.1770935,3.05194804405595,133.567903815835
a13_s4_t1_color.avi,a13,s4,t1,344.02106,249.99863,358.1351,252.17293,335.59802,260.3714,18.795807,28.7479255610107,147.971963818952,280.0283,358.03012,278.77115,358.09116,281.13312,358.1024,1.1770935,3.05194804405595,133.567903815835
a23_s7_t1_color.avi,a23,s7,t1,301.09207,358.0242,294.85184,339.63513,295.92316,362.07898,9.223694,16.0115287680389,142.570466571713,304.0632,336.94144,298.66263,327.58145,299.83765,336.14764,5.019348,22.1738424885011,134.63942996654
a23_s7_t1_color.avi,a23,s7,t1,301.09207,358.0242,294.85184,339.63513,295.92316,362.07898,9.223694,16.0115287680389,142.570466571713,304.0632,336.94144,298.66263,327.58145,299.83765,336.14764,5.019348,22.1738424885011,134.63942996654
a13_s6_t4_color.avi,a13,s6,t4,324.96475,106.00812,326.9244,106.11836,320.0204,105.95272,4.9997635,1.84555523065674,3.80577336971433,285.9316,106.02523,287.62457,106.00021,281.54446,106.14389,4.505806,0.506689709306667,135
a13_s6_t4_color.avi,a13,s6,t4,324.96475,106.00812,326.9244,106.11836,320.0204,105.95272,4.9997635,1.84555523065674,3.80577336971433,285.9316,106.02523,287.62457,106.00021,281.54446,106.14389,4.505806,0.506689709306667,135
a3_s1_t1_color.avi,a3,s1,t1,401.04153,239.97963,374.32968,201.45306,371.31973,248.02364,37.76581,38.4329529917647,28.4071729891285,298.77856,180.04723,295.19946,181.21857,294.1848,180.82256,5.3690796,140.557749452863,135
a3_s1_t1_color.avi,a3,s1,t1,401.04153,239.97963,374.32968,201.45306,371.31973,248.02364,37.76581,38.4329529917647,28.4071729891285,298.77856,180.04723,295.19946,181.21857,294.1848,180.82256,5.3690796,140.557749452863,135
a6_s3_t3_color.avi,a6,s3,t3,300.95245,154.98238,301.13358,155.10442,301.18408,154.44499,0.76901245,60.4077769583476,180,273.98703,357.9719,274.65466,357.9651,274.69565,357.97018,0.71032715,172.327752406142,135
a6_s3_t3_color.avi,a6,s3,t3,300.95245,154.98238,301.13358,155.10442,301.18408,154.44499,0.76901245,60.4077769583476,180,273.98703,357.9719,274.65466,357.9651,274.69565,357.97018,0.71032715,172.327752406142,135
a8_s6_t2_color.avi,a8,s6,t2,548.98975,202.06848,38.997215,133.00397,39.028297,132.9951,579.03485,23.6316191113035,136.89441272264,38.98503,141.9824,549.01733,202.07948,549.0078,202.05202,570.0924,64.1601022176365,136.951477517381
a8_s6_t2_color.avi,a8,s6,t2,548.98975,202.06848,38.997215,133.00397,39.028297,132.9951,579.03485,23.6316191113035,136.89441272264,38.98503,141.9824,549.01733,202.07948,549.0078,202.05202,570.0924,64.1601022176365,136.951477517381
a21_s1_t2_color.avi,a21,s1,t2,343.10205,283.00827,344.16663,362.30304,333.03,353.94458,81.00836,52.3412078109395,106.871405630137,282.1521,176.81296,298.78894,237.64534,298.27847,133.25247,59.68686,15.0154353205982,137.457758772971
a21_s1_t2_color.avi,a21,s1,t2,343.10205,283.00827,344.16663,362.30304,333.03,353.94458,81.00836,52.3412078109395,106.871405630137,282.1521,176.81296,298.78894,237.64534,298.27847,133.25247,59.68686,15.0154353205982,137.457758772971
a6_s7_t3_color.avi,a6,s7,t3,294.86456,234.04982,294.1745,212.96603,287.0029,243.34683,17.158676,15.1565306041985,113.722008000473,330.89685,214.98167,323.1858,210.53247,326.74323,214.26614,4.869156,16.4001672517216,137.965867437235
a6_s7_t3_color.avi,a6,s7,t3,294.86456,234.04982,294.1745,212.96603,287.0029,243.34683,17.158676,15.1565306041985,113.722008000473,330.89685,214.98167,323.1858,210.53247,326.74323,214.26614,4.869156,16.4001672517216,137.965867437235
a17_s5_t1_color.avi,a17,s5,t1,111.12022,254.99834,111.04652,254.98923,594.07806,179.01709,558.9391,15.9845077439165,138.512021895285,539.01196,112.98928,538.98975,113.00558,45.95751,175.0484,555.1136,150.911700936435,138.054212573048
a17_s5_t1_color.avi,a17,s5,t1,111.12022,254.99834,111.04652,254.98923,594.07806,179.01709,558.9391,15.9845077439165,138.512021895285,539.01196,112.98928,538.98975,113.00558,45.95751,175.0484,555.1136,150.911700936435,138.054212573048
a17_s1_t4_color.avi,a17,s1,t4,342.96976,282.90814,347.77063,278.56808,327.8125,238.97896,59.08644,105.35991294506,8.84956512381018,389.05435,237.02026,389.0184,237.02417,361.2871,244.01738,34.76436,172.047753037542,141.030566364561
a17_s1_t4_color.avi,a17,s1,t4,342.96976,282.90814,347.77063,278.56808,327.8125,238.97896,59.08644,105.35991294506,8.84956512381018,389.05435,237.02026,389.0184,237.02417,361.2871,244.01738,34.76436,172.047753037542,141.030566364561
a13_s7_t4_color.avi,a13,s7,t4,308.91534,224.99872,305.90363,225.59732,287.51352,206.346,40.05455,122.447847065389,83.5032333950097,327.85678,215.98448,324.67715,215.93335,326.53702,213.91232,3.391922,48.2992872765458,143.015009702909
a13_s7_t4_color.avi,a13,s7,t4,308.91534,224.99872,305.90363,225.59732,287.51352,206.346,40.05455,122.447847065389,83.5032333950097,327.85678,215.98448,324.67715,215.93335,326.53702,213.91232,3.391922,48.2992872765458,143.015009702909
a19_s4_t3_color.avi,a19,s4,t3,344.9147,250.98758,316.37842,195.05653,311.04266,176.34998,108.50964,168.889069177197,35.7205816687399,261.9167,245.02234,260.36905,245.46935,257.2674,246.9373,6.5642548,170.783028242503,143.30077479951
a19_s4_t3_color.avi,a19,s4,t3,344.9147,250.98758,316.37842,195.05653,311.04266,176.34998,108.50964,168.889069177197,35.7205816687399,261.9167,245.02234,260.36905,245.46935,257.2674,246.9373,6.5642548,170.783028242503,143.30077479951
a17_s1_t3_color.avi,a17,s1,t3,345.283,282.9274,353.6702,276.06915,351.98782,234.14226,55.489975,126.975137861588,7.36150429212124,388.98856,237.02576,388.9997,236.99883,364.9148,243.39066,30.43866,52.6671527913991,143.960106569696
a17_s1_t3_color.avi,a17,s1,t3,345.283,282.9274,353.6702,276.06915,351.98782,234.14226,55.489975,126.975137861588,7.36150429212124,388.98856,237.02576,388.9997,236.99883,364.9148,243.39066,30.43866,52.6671527913991,143.960106569696
a25_s7_t2_color.avi,a25,s7,t2,279.12726,233.99992,280.68137,283.8467,287.5559,288.3871,62.81581,125.229020731079,156.468368631609,298.14615,224.03148,298.6161,274.04636,303.27127,279.58832,60.68196,140.508475527751,143.999287480544
a25_s7_t2_color.avi,a25,s7,t2,279.12726,233.99992,280.68137,283.8467,287.5559,288.3871,62.81581,125.229020731079,156.468368631609,298.14615,224.03148,298.6161,274.04636,303.27127,279.58832,60.68196,140.508475527751,143.999287480544
a25_s7_t3_color.avi,a25,s7,t3,275.02628,230.14081,278.10043,281.97546,286.41898,284.71698,65.96887,111.634573408174,153.236242152769,296.04034,224.13866,298.6762,277.09296,304.39417,281.07675,65.291916,127.715183139388,144.447432390604
a25_s7_t3_color.avi,a25,s7,t3,275.02628,230.14081,278.10043,281.97546,286.41898,284.71698,65.96887,111.634573408174,153.236242152769,296.04034,224.13866,298.6762,277.09296,304.39417,281.07675,65.291916,127.715183139388,144.447432390604
a3_s1_t3_color.avi,a3,s1,t3,401.02258,240.02388,352.26028,247.32007,352.3958,247.3131,55.915985,5.56447123218407,11.39565449772,296.93878,179.00577,293.56012,179.69658,294.19595,179.339,3.076065,17.7965616511061,144.688786560367
a3_s1_t3_color.avi,a3,s1,t3,401.02258,240.02388,352.26028,247.32007,352.3958,247.3131,55.915985,5.56447123218407,11.39565449772,296.93878,179.00577,293.56012,179.69658,294.19595,179.339,3.076065,17.7965616511061,144.688786560367
a21_s4_t2_color.avi,a21,s4,t2,347.07703,249.997,334.47046,255.41061,312.1149,161.78644,123.17268,80.1895428242777,101.262047772215,330.02686,356.95023,328.22433,357.18304,329.1938,236.88205,120.901245,82.1785530284961,145.82605235533
a21_s4_t2_color.avi,a21,s4,t2,347.07703,249.997,334.47046,255.41061,312.1149,161.78644,123.17268,80.1895428242777,101.262047772215,330.02686,356.95023,328.22433,357.18304,329.1938,236.88205,120.901245,82.1785530284961,145.82605235533
a3_s2_t3_color.avi,a3,s2,t3,347.80743,251.00143,312.3836,202.14328,313.96927,205.77142,79.06818,12.3358808817378,28.3673727179358,388.97626,238.01918,352.95547,187.24817,392.73602,247.18256,12.9231415,1.78118089006103,146.680139695976
a3_s2_t3_color.avi,a3,s2,t3,347.80743,251.00143,312.3836,202.14328,313.96927,205.77142,79.06818,12.3358808817378,28.3673727179358,388.97626,238.01918,352.95547,187.24817,392.73602,247.18256,12.9231415,1.78118089006103,146.680139695976
a7_s6_t3_color.avi,a7,s6,t3,322.977,106.00006,332.38693,108.46657,348.2761,168.26979,87.56883,119.566976241492,36.6387020778704,334.96875,356.96652,333.60342,357.0324,335.3077,356.95233,0.3531494,0.071450918439831,147.528807709152
a7_s6_t3_color.avi,a7,s6,t3,322.977,106.00006,332.38693,108.46657,348.2761,168.26979,87.56883,119.566976241492,36.6387020778704,334.96875,356.96652,333.60342,357.0324,335.3077,356.95233,0.3531494,0.071450918439831,147.528807709152
a10_s6_t3_color.avi,a10,s6,t3,327.97415,452.01526,39.008312,133.04587,38.99633,132.99037,608.0027,150.008913059366,161.10789682352,548.9682,201.96712,39.00691,141.98303,38.979687,141.94417,570.0115,131.717198814949,148.621903312749
a10_s6_t3_color.avi,a10,s6,t3,327.97415,452.01526,39.008312,133.04587,38.99633,132.99037,608.0027,150.008913059366,161.10789682352,548.9682,201.96712,39.00691,141.98303,38.979687,141.94417,570.0115,131.717198814949,148.621903312749
a21_s4_t3_color.avi,a21,s4,t3,346.81332,249.97188,315.71866,256.25238,308.99292,158.76613,129.02615,82.5277005401104,38.3872280102164,330.79007,356.96634,331.41577,356.95963,332.894,244.78627,114.28401,91.3697785380062,149.477773496177
a21_s4_t3_color.avi,a21,s4,t3,346.81332,249.97188,315.71866,256.25238,308.99292,158.76613,129.02615,82.5277005401104,38.3872280102164,330.79007,356.96634,331.41577,356.95963,332.894,244.78627,114.28401,91.3697785380062,149.477773496177
a15_s6_t2_color.avi,a15,s6,t2,594.00354,179.01231,593.9814,178.98067,38.98738,141.98256,592.0459,128.809646523215,148.248566004416,46.00708,174.95584,46.01717,174.95647,538.9734,113.01667,554.90546,169.290312758953,150.542401169384
a15_s6_t2_color.avi,a15,s6,t2,594.00354,179.01231,593.9814,178.98067,38.98738,141.98256,592.0459,128.809646523215,148.248566004416,46.00708,174.95584,46.01717,174.95647,538.9734,113.01667,554.90546,169.290312758953,150.542401169384
a22_s5_t4_color.avi,a22,s5,t4,328.90024,281.92075,330.7646,274.36194,341.00397,265.74094,28.283539,143.950794336409,13.8860158760844,279.75778,167.02045,270.30322,155.52237,283.57062,177.52231,14.314697,8.33683960988978,151.995387405264
a22_s5_t4_color.avi,a22,s5,t4,328.90024,281.92075,330.7646,274.36194,341.00397,265.74094,28.283539,143.950794336409,13.8860158760844,279.75778,167.02045,270.30322,155.52237,283.57062,177.52231,14.314697,8.33683960988978,151.995387405264
a2_s1_t1_color.avi,a2,s1,t1,401.0128,239.96928,401.01855,239.98547,411.24664,245.34912,15.613693,137.28201950849,162.050695013488,299.03134,178.84766,298.2706,170.79337,298.73788,173.51009,5.631027,4.36385537545655,153.024723521239
a2_s1_t1_color.avi,a2,s1,t1,401.0128,239.96928,401.01855,239.98547,411.24664,245.34912,15.613693,137.28201950849,162.050695013488,299.03134,178.84766,298.2706,170.79337,298.73788,173.51009,5.631027,4.36385537545655,153.024723521239
a18_s3_t3_color.avi,a18,s3,t3,300.97046,153.04309,300.37308,155.418,300.6396,154.70021,1.9879913,6.25042830581124,176.18592516571,272.93417,358.02,273.6769,357.92963,273.33572,357.958,0.4635315,2.18142400730135,153.434948822922
a18_s3_t3_color.avi,a18,s3,t3,300.97046,153.04309,300.37308,155.418,300.6396,154.70021,1.9879913,6.25042830581124,176.18592516571,272.93417,358.02,273.6769,357.92963,273.33572,357.958,0.4635315,2.18142400730135,153.434948822922
a4_s1_t4_color.avi,a4,s1,t4,46.016087,176.96375,45.99978,176.93343,594.0426,178.99268,550.0554,61.5101864904874,89.756191255859,344.07727,250.99355,341.83374,250.87994,45.993435,176.98021,372.09717,168.873474990037,153.761656281319
a4_s1_t4_color.avi,a4,s1,t4,46.016087,176.96375,45.99978,176.93343,594.0426,178.99268,550.0554,61.5101864904874,89.756191255859,344.07727,250.99355,341.83374,250.87994,45.993435,176.98021,372.09717,168.873474990037,153.761656281319
a21_s8_t4_color.avi,a21,s8,t4,353.1465,356.00375,357.16528,356.77206,359.18265,287.5328,74.50708,80.8456669357911,171.555804282818,353.16345,274.90765,353.68796,286.45416,354.466,294.38245,20.777344,176.996130746148,154.329213263741
a21_s8_t4_color.avi,a21,s8,t4,353.1465,356.00375,357.16528,356.77206,359.18265,287.5328,74.50708,80.8456669357911,171.555804282818,353.16345,274.90765,353.68796,286.45416,354.466,294.38245,20.777344,176.996130746148,154.329213263741
a22_s7_t2_color.avi,a22,s7,t2,279.18192,231.08679,283.6593,224.7338,252.99104,303.03308,98.13716,13.7856547646065,66.1721153235047,291.0256,358.04654,297.72748,321.9193,288.3264,334.96082,25.784943,25.2769767878909,154.599377031735
a22_s7_t2_color.avi,a22,s7,t2,279.18192,231.08679,283.6593,224.7338,252.99104,303.03308,98.13716,13.7856547646065,66.1721153235047,291.0256,358.04654,297.72748,321.9193,288.3264,334.96082,25.784943,25.2769767878909,154.599377031735
a18_s6_t3_color.avi,a18,s6,t3,280.72,103.98472,282.474,104.14555,284.5695,104.17276,4.037529,175.50469533581,2.96091397144248,317.7042,106.01984,317.9705,106.01873,319.48666,105.98567,1.8166351,178.988966545059,154.760598179321
a18_s6_t3_color.avi,a18,s6,t3,280.72,103.98472,282.474,104.14555,284.5695,104.17276,4.037529,175.50469533581,2.96091397144248,317.7042,106.01984,317.9705,106.01873,319.48666,105.98567,1.8166351,178.988966545059,154.760598179321
a5_s6_t2_color.avi,a5,s6,t2,593.9875,178.99905,594.00244,178.97218,39.014935,133.00177,600.96985,65.6390582452245,149.998848859045,561.988,136.99245,561.9666,136.98701,109.99761,254.98961,569.98755,151.100412981014,156.763021949717
a5_s6_t2_color.avi,a5,s6,t2,593.9875,178.99905,594.00244,178.97218,39.014935,133.00177,600.96985,65.6390582452245,149.998848859045,561.988,136.99245,561.9666,136.98701,109.99761,254.98961,569.98755,151.100412981014,156.763021949717
a15_s1_t2_color.avi,a15,s1,t2,562.01,137.00685,562.0007,137.00293,45.03401,150.03807,530.0072,155.776390106915,134.204720122266,295.99796,357.9749,293.60788,358.14587,562.00995,136.99477,486.99213,35.3956376370357,158.854373289499
a15_s1_t2_color.avi,a15,s1,t2,562.01,137.00685,562.0007,137.00293,45.03401,150.03807,530.0072,155.776390106915,134.204720122266,295.99796,357.9749,293.60788,358.14587,562.00995,136.99477,486.99213,35.3956376370357,158.854373289499
a13_s7_t2_color.avi,a13,s7,t2,327.94513,215.03613,326.50555,212.81863,337.50143,235.25392,29.774094,6.88098501356672,127.120691897554,260.97308,249.002,266.43127,223.08495,264.40005,238.76308,13.665894,4.51085885099682,158.981289096769
a13_s7_t2_color.avi,a13,s7,t2,327.94513,215.03613,326.50555,212.81863,337.50143,235.25392,29.774094,6.88098501356672,127.120691897554,260.97308,249.002,266.43127,223.08495,264.40005,238.76308,13.665894,4.51085885099682,158.981289096769
a7_s1_t3_color.avi,a7,s1,t3,283.09448,176.94038,279.6012,164.0203,281.27008,182.87904,7.7630615,10.0725066267034,11.0901413473443,297.9868,357.99768,298.6557,358.0451,298.5975,358.0471,0.66012573,6.00754033441647,160.528779365509
a7_s1_t3_color.avi,a7,s1,t3,283.09448,176.94038,279.6012,164.0203,281.27008,182.87904,7.7630615,10.0725066267034,11.0901413473443,297.9868,357.99768,298.6557,358.0451,298.5975,358.0471,0.66012573,6.00754033441647,160.528779365509
a10_s2_t4_color.avi,a10,s2,t4,539.00616,114.01125,45.963436,149.99393,46.00932,149.97458,528.9602,18.690217352393,133.13527015645,389.01337,237.95563,539.977,134.01508,539.93567,133.99463,254.8833,60.8755441337903,160.660843637327
a10_s2_t4_color.avi,a10,s2,t4,539.00616,114.01125,45.963436,149.99393,46.00932,149.97458,528.9602,18.690217352393,133.13527015645,389.01337,237.95563,539.977,134.01508,539.93567,133.99463,254.8833,60.8755441337903,160.660843637327
a24_s5_t4_color.avi,a24,s5,t4,288.1305,242.9242,278.7591,249.33165,285.20844,170.93437,74.91188,50.9357865892406,133.617202835824,261.0244,249.98807,261.07507,250.01585,258.6447,180.81891,71.54886,59.2439601169856,161.024564393849
a24_s5_t4_color.avi,a24,s5,t4,288.1305,242.9242,278.7591,249.33165,285.20844,170.93437,74.91188,50.9357865892406,133.617202835824,261.0244,249.98807,261.07507,250.01585,258.6447,180.81891,71.54886,59.2439601169856,161.024564393849
a27_s5_t2_color.avi,a27,s5,t2,308.006,343.00443,308.7543,343.42355,285.80984,352.86224,32.053986,51.6146634823987,155.854458039578,280.98132,168.96596,280.76752,166.45677,281.0065,186.27443,17.333649,4.17940162160233,161.565051177078
a27_s5_t2_color.avi,a27,s5,t2,308.006,343.00443,308.7543,343.42355,285.80984,352.86224,32.053986,51.6146634823987,155.854458039578,280.98132,168.96596,280.76752,166.45677,281.0065,186.27443,17.333649,4.17940162160233,161.565051177078
a4_s3_t4_color.avi,a4,s3,t4,302.9565,152.93295,302.67502,154.08833,302.6699,153.81104,1.1647034,14.7518564473687,159.227745317954,276.08267,358.0059,275.58197,358.00473,275.47586,358.00937,0.6102905,177.364154975429,161.565051177078
a4_s3_t4_color.avi,a4,s3,t4,302.9565,152.93295,302.67502,154.08833,302.6699,153.81104,1.1647034,14.7518564473687,159.227745317954,276.08267,358.0059,275.58197,358.00473,275.47586,358.00937,0.6102905,177.364154975429,161.565051177078
a21_s1_t1_color.avi,a21,s1,t1,346.91266,250.96097,334.07968,250.82767,315.9753,144.14705,137.75127,100.226818771556,169.041074713064,285.867,178.00052,305.47333,227.8924,304.7403,134.92729,61.946518,21.0018729094079,162.087411692898
a21_s1_t1_color.avi,a21,s1,t1,346.91266,250.96097,334.07968,250.82767,315.9753,144.14705,137.75127,100.226818771556,169.041074713064,285.867,178.00052,305.47333,227.8924,304.7403,134.92729,61.946518,21.0018729094079,162.087411692898
a5_s6_t1_color.avi,a5,s6,t1,316.82446,106.02194,317.75934,105.9718,302.56732,103.32512,16.953964,12.9526293504589,2.97463707822672,389.01556,237.97946,378.8755,244.00862,379.026,244.00592,16.016022,29.7071708970256,162.247209838053
a5_s6_t1_color.avi,a5,s6,t1,316.82446,106.02194,317.75934,105.9718,302.56732,103.32512,16.953964,12.9526293504589,2.97463707822672,389.01556,237.97946,378.8755,244.00862,379.026,244.00592,16.016022,29.7071708970256,162.247209838053
a22_s5_t1_color.avi,a22,s5,t1,329.0194,452.98123,328.87457,453.0583,310.02966,453.98117,19.989685,154.789497671974,32.7352262721076,278.0346,169.96532,273.75647,175.54503,282.93768,158.35333,16.51506,9.37407797994842,162.798165599399
a22_s5_t1_color.avi,a22,s5,t1,329.0194,452.98123,328.87457,453.0583,310.02966,453.98117,19.989685,154.789497671974,32.7352262721076,278.0346,169.96532,273.75647,175.54503,282.93768,158.35333,16.51506,9.37407797994842,162.798165599399
a23_s2_t1_color.avi,a23,s2,t1,285.11368,213.01665,284.08673,211.92503,282.536,211.9904,3.6039124,130.837848334975,46.686143341717,335.02353,356.00296,331.368,356.123,332.38812,356.0231,2.655548,3.71175844002323,162.943034423383
a23_s2_t1_color.avi,a23,s2,t1,285.11368,213.01665,284.08673,211.92503,282.536,211.9904,3.6039124,130.837848334975,46.686143341717,335.02353,356.00296,331.368,356.123,332.38812,356.0231,2.655548,3.71175844002323,162.943034423383
a14_s5_t1_color.avi,a14,s5,t1,284.23737,169.88539,292.84094,165.95615,285.43973,172.82123,4.138199,18.3016818611578,1.65466366423526,302.0961,357.99445,305.6432,357.94107,301.9067,356.20227,1.9815674,25.8173800440203,163.354961785324
a14_s5_t1_color.avi,a14,s5,t1,284.23737,169.88539,292.84094,165.95615,285.43973,172.82123,4.138199,18.3016818611578,1.65466366423526,302.0961,357.99445,305.6432,357.94107,301.9067,356.20227,1.9815674,25.8173800440203,163.354961785324
a9_s8_t4_color.avi,a9,s8,t4,328.0074,453.00095,328.0087,452.9886,560.99835,135.9507,550.0412,149.748558406491,20.5505122413156,269.89832,357.99493,270.96225,357.95148,539.9929,134.03369,494.05585,142.567920952931,163.404173816089
a9_s8_t4_color.avi,a9,s8,t4,328.0074,453.00095,328.0087,452.9886,560.99835,135.9507,550.0412,149.748558406491,20.5505122413156,269.89832,357.99493,270.96225,357.95148,539.9929,134.03369,494.05585,142.567920952931,163.404173816089
a24_s7_t3_color.avi,a24,s7,t3,287.06613,290.1092,280.2291,308.3238,274.40997,234.00319,68.76216,25.0511234592596,164.753427079903,320.08258,270.099,318.6654,284.55423,303.22064,225.18799,61.77295,20.1821660673635,163.621512336677
a24_s7_t3_color.avi,a24,s7,t3,287.06613,290.1092,280.2291,308.3238,274.40997,234.00319,68.76216,25.0511234592596,164.753427079903,320.08258,270.099,318.6654,284.55423,303.22064,225.18799,61.77295,20.1821660673635,163.621512336677
a15_s7_t1_color.avi,a15,s7,t1,298.11694,230.09601,287.35986,231.29889,325.4916,271.67758,68.95624,53.0197792969212,135.788876542792,271.01132,250.01463,257.458,252.33818,246.45358,254.17094,28.71405,179.727314326286,163.68781272058
a15_s7_t1_color.avi,a15,s7,t1,298.11694,230.09601,287.35986,231.29889,325.4916,271.67758,68.95624,53.0197792969212,135.788876542792,271.01132,250.01463,257.458,252.33818,246.45358,254.17094,28.71405,179.727314326286,163.68781272058
a23_s7_t4_color.avi,a23,s7,t4,295.04953,357.99677,288.42383,341.5759,292.2756,354.60886,6.1618347,5.50914120980309,161.690956366198,323.111,216.99796,320.69516,218.73767,319.10413,216.64581,4.359009,91.4972169808425,164.055901722618
a23_s7_t4_color.avi,a23,s7,t4,295.04953,357.99677,288.42383,341.5759,292.2756,354.60886,6.1618347,5.50914120980309,161.690956366198,323.111,216.99796,320.69516,218.73767,319.10413,216.64581,4.359009,91.4972169808425,164.055901722618
a9_s2_t4_color.avi,a9,s2,t4,320.9156,213.0379,315.5007,206.36302,349.83722,220.38016,36.263885,28.7432119543795,125.327772647135,283.88846,209.04057,277.4424,211.4543,279.7781,211.29584,6.365616,16.64722323744,164.566568839859
a9_s2_t4_color.avi,a9,s2,t4,320.9156,213.0379,315.5007,206.36302,349.83722,220.38016,36.263885,28.7432119543795,125.327772647135,283.88846,209.04057,277.4424,211.4543,279.7781,211.29584,6.365616,16.64722323744,164.566568839859
a19_s6_t4_color.avi,a19,s6,t4,281.07547,106.00277,284.05582,106.22912,276.02502,106.17636,5.224037,3.96670605460995,35.8671058883768,321.01382,105.99959,322.36954,106.84582,319.8361,108.3933,3.5714493,63.3897204266212,164.583741100776
a19_s6_t4_color.avi,a19,s6,t4,281.07547,106.00277,284.05582,106.22912,276.02502,106.17636,5.224037,3.96670605460995,35.8671058883768,321.01382,105.99959,322.36954,106.84582,319.8361,108.3933,3.5714493,63.3897204266212,164.583741100776
a22_s6_t2_color.avi,a22,s6,t2,276.86404,106.00276,268.7396,105.92355,266.93948,106.39232,10.314117,164.845240457634,11.5286283549395,317.9507,105.05072,314.18164,105.63601,310.37625,106.151,8.674744,178.880400243722,164.749822528317
a22_s6_t2_color.avi,a22,s6,t2,276.86404,106.00276,268.7396,105.92355,266.93948,106.39232,10.314117,164.845240457634,11.5286283549395,317.9507,105.05072,314.18164,105.63601,310.37625,106.151,8.674744,178.880400243722,164.749822528317
a17_s7_t4_color.avi,a17,s7,t4,277.39282,200.95216,263.14853,218.71968,259.36606,224.80534,41.879944,173.143224469832,9.77016966607608,313.38004,214.83434,316.60526,214.5735,306.90332,183.0874,38.223648,77.497789150489,165.115815905486
a17_s7_t4_color.avi,a17,s7,t4,277.39282,200.95216,263.14853,218.71968,259.36606,224.80534,41.879944,173.143224469832,9.77016966607608,313.38004,214.83434,316.60526,214.5735,306.90332,183.0874,38.223648,77.497789150489,165.115815905486
a22_s2_t4_color.avi,a22,s2,t4,288.05173,212.98676,286.22852,203.8956,282.55164,208.87596,9.610886,47.7776585709302,15.6836056576017,325.05026,211.08044,325.67764,205.02861,322.25946,211.56444,3.2747955,21.6905888000944,165.427771597767
a22_s2_t4_color.avi,a22,s2,t4,288.05173,212.98676,286.22852,203.8956,282.55164,208.87596,9.610886,47.7776585709302,15.6836056576017,325.05026,211.08044,325.67764,205.02861,322.25946,211.56444,3.2747955,21.6905888000944,165.427771597767
a12_s6_t4_color.avi,a12,s6,t4,315.0675,288.9905,329.40326,279.7411,332.86404,370.91443,99.72046,59.3437219189907,153.748606608976,268.26172,154.01605,292.23392,161.34875,280.45038,194.63019,52.802795,87.511125719527,165.643636958332
a12_s6_t4_color.avi,a12,s6,t4,315.0675,288.9905,329.40326,279.7411,332.86404,370.91443,99.72046,59.3437219189907,153.748606608976,268.26172,154.01605,292.23392,161.34875,280.45038,194.63019,52.802795,87.511125719527,165.643636958332
a9_s5_t1_color.avi,a9,s5,t1,282.06082,168.99968,281.49274,168.70566,278.4403,169.44621,4.067047,138.998294526909,2.43982264546508,327.98984,452.01483,328.01828,452.00583,328.08765,452.0139,0.09875488,155.811195894571,165.963756532074
a9_s5_t1_color.avi,a9,s5,t1,282.06082,168.99968,281.49274,168.70566,278.4403,169.44621,4.067047,138.998294526909,2.43982264546508,327.98984,452.01483,328.01828,452.00583,328.08765,452.0139,0.09875488,155.811195894571,165.963756532074
a6_s6_t3_color.avi,a6,s6,t3,280.00134,105.99156,280.62906,106.07684,281.00153,105.98819,1.0035553,158.874908541845,7.34122581136412,270.95126,357.97543,271.04294,358.01807,270.58847,358.01102,0.39837646,24.0519372328299,165.963756532074
a6_s6_t3_color.avi,a6,s6,t3,280.00134,105.99156,280.62906,106.07684,281.00153,105.98819,1.0035553,158.874908541845,7.34122581136412,270.95126,357.97543,271.04294,358.01807,270.58847,358.01102,0.39837646,24.0519372328299,165.963756532074
a13_s4_t2_color.avi,a13,s4,t2,342.14563,251.0107,328.0564,215.34952,301.81018,207.60841,83.73773,127.991272355521,87.71747198358,278.0024,358.01712,277.86005,358.1497,280.24857,357.95267,2.310608,38.2438795770662,166.526097056467
a13_s4_t2_color.avi,a13,s4,t2,342.14563,251.0107,328.0564,215.34952,301.81018,207.60841,83.73773,127.991272355521,87.71747198358,278.0024,358.01712,277.86005,358.1497,280.24857,357.95267,2.310608,38.2438795770662,166.526097056467
a24_s6_t3_color.avi,a24,s6,t3,260.96756,250.01053,260.95898,250.54016,266.95346,116.28172,139.7147,1.6288437461637,173.085012497815,298.99304,221.10387,288.54068,270.3905,285.70352,115.0059,119.38749,13.0195372313753,166.813389721839
a24_s6_t3_color.avi,a24,s6,t3,260.96756,250.01053,260.95898,250.54016,266.95346,116.28172,139.7147,1.6288437461637,173.085012497815,298.99304,221.10387,288.54068,270.3905,285.70352,115.0059,119.38749,13.0195372313753,166.813389721839
a26_s2_t1_color.avi,a26,s2,t1,304.0338,360.0066,304.00858,360.20755,296.54236,277.54095,89.95709,12.3190209468474,162.400015250667,263.17853,243.95007,263.52206,244.38966,287.71173,206.47038,62.012894,70.5421676421717,167.234806212052
a26_s2_t1_color.avi,a26,s2,t1,304.0338,360.0066,304.00858,360.20755,296.54236,277.54095,89.95709,12.3190209468474,162.400015250667,263.17853,243.95007,263.52206,244.38966,287.71173,206.47038,62.012894,70.5421676421717,167.234806212052
a19_s2_t4_color.avi,a19,s2,t4,308.0111,212.01413,306.05255,207.56422,306.89578,211.39725,1.7322083,11.3490382880118,10.791049255566,273.9918,210.00206,274.8081,210.59164,272.55762,210.08699,1.519104,23.1996999059921,167.784280865869
a19_s2_t4_color.avi,a19,s2,t4,308.0111,212.01413,306.05255,207.56422,306.89578,211.39725,1.7322083,11.3490382880118,10.791049255566,273.9918,210.00206,274.8081,210.59164,272.55762,210.08699,1.519104,23.1996999059921,167.784280865869
a20_s8_t2_color.avi,a20,s8,t2,363.9715,298.9515,353.42502,246.13663,348.99426,248.40933,65.51941,74.1376890198924,73.7714539474802,389.0223,236.965,406.64578,209.75658,397.70187,244.86511,16.579681,18.6398680191319,168.338415754823
a20_s8_t2_color.avi,a20,s8,t2,363.9715,298.9515,353.42502,246.13663,348.99426,248.40933,65.51941,74.1376890198924,73.7714539474802,389.0223,236.965,406.64578,209.75658,397.70187,244.86511,16.579681,18.6398680191319,168.338415754823
a18_s6_t2_color.avi,a18,s6,t2,281.87686,105.00593,280.77917,105.02395,283.3705,105.16563,1.6533508,4.07000737638991,0.403484735058946,309.91235,358.00427,309.04575,358.0916,310.8712,357.96048,1.0026245,1.64630438947564,168.578246341038
a18_s6_t2_color.avi,a18,s6,t2,281.87686,105.00593,280.77917,105.02395,283.3705,105.16563,1.6533508,4.07000737638991,0.403484735058946,309.91235,358.00427,309.04575,358.0916,310.8712,357.96048,1.0026245,1.64630438947564,168.578246341038
a16_s6_t3_color.avi,a16,s6,t3,280.01184,106.00585,280.1181,106.03387,277.3223,105.94003,2.7553635,12.8472005112059,48.1896851042214,319.03357,106.03564,318.252,106.05427,316.60666,106.12733,2.5186005,178.822858683646,168.69006752598
a16_s6_t3_color.avi,a16,s6,t3,280.01184,106.00585,280.1181,106.03387,277.3223,105.94003,2.7553635,12.8472005112059,48.1896851042214,319.03357,106.03564,318.252,106.05427,316.60666,106.12733,2.5186005,178.822858683646,168.69006752598
a27_s3_t1_color.avi,a27,s3,t1,301.00433,153.9998,301.11404,154.48503,301.43973,174.92264,21.35823,168.172562201916,3.74934118257416,275.0438,358.02582,275.08322,357.99835,272.93985,357.35132,2.7784424,51.6586900632641,168.961467384035
a27_s3_t1_color.avi,a27,s3,t1,301.00433,153.9998,301.11404,154.48503,301.43973,174.92264,21.35823,168.172562201916,3.74934118257416,275.0438,358.02582,275.08322,357.99835,272.93985,357.35132,2.7784424,51.6586900632641,168.961467384035
a14_s2_t2_color.avi,a14,s2,t2,261.5519,295.0438,358.79196,219.96658,311.25885,212.1318,132.61893,47.0308370017824,100.966185245777,388.99255,237.01259,366.4088,208.36597,318.43933,224.37717,83.188644,109.792776806965,169.690569416757
a14_s2_t2_color.avi,a14,s2,t2,261.5519,295.0438,358.79196,219.96658,311.25885,212.1318,132.61893,47.0308370017824,100.966185245777,388.99255,237.01259,366.4088,208.36597,318.43933,224.37717,83.188644,109.792776806965,169.690569416757
a22_s3_t1_color.avi,a22,s3,t1,297.02057,357.98477,298.18262,357.4637,307.04037,355.75467,12.249908,166.769396083242,175.723610312079,273.03528,357.96176,269.2683,358.06497,283.31625,357.60815,10.6345825,0.293163561143919,170.159003583744
a22_s3_t1_color.avi,a22,s3,t1,297.02057,357.98477,298.18262,357.4637,307.04037,355.75467,12.249908,166.769396083242,175.723610312079,273.03528,357.96176,269.2683,358.06497,283.31625,357.60815,10.6345825,0.293163561143919,170.159003583744
a24_s6_t2_color.avi,a24,s6,t2,261.0116,249.01625,261.33386,249.45769,275.15994,106.72715,156.43744,41.663751373729,174.891122263677,294.85837,222.14285,294.1229,258.87592,289.65247,114.89079,112.45796,2.92533857286156,170.27598490003
a24_s6_t2_color.avi,a24,s6,t2,261.0116,249.01625,261.33386,249.45769,275.15994,106.72715,156.43744,41.663751373729,174.891122263677,294.85837,222.14285,294.1229,258.87592,289.65247,114.89079,112.45796,2.92533857286156,170.27598490003
a8_s5_t4_color.avi,a8,s5,t4,279.1216,168.98897,275.5705,170.64668,299.3741,136.21829,53.02318,30.3163399636189,16.4346700104638,346.00977,250.02324,352.78848,246.1124,357.10028,246.39029,14.723465,146.330494812852,170.690823763545
a8_s5_t4_color.avi,a8,s5,t4,279.1216,168.98897,275.5705,170.64668,299.3741,136.21829,53.02318,30.3163399636189,16.4346700104638,346.00977,250.02324,352.78848,246.1124,357.10028,246.39029,14.723465,146.330494812852,170.690823763545
a12_s1_t1_color.avi,a12,s1,t1,337.14075,278.0481,329.87823,270.3829,350.8502,316.07104,51.73239,18.7985408291291,163.947946924584,281.17252,179.04056,304.50143,193.45439,294.647,205.17606,39.609985,81.6561087668726,170.878642727034
a12_s1_t1_color.avi,a12,s1,t1,337.14075,278.0481,329.87823,270.3829,350.8502,316.07104,51.73239,18.7985408291291,163.947946924584,281.17252,179.04056,304.50143,193.45439,294.647,205.17606,39.609985,81.6561087668726,170.878642727034
a16_s7_t3_color.avi,a16,s7,t3,287.06125,236.03755,288.6793,235.00502,292.18643,212.36458,28.798157,131.348910039859,140.055494810185,313.0602,232.01318,314.0669,231.5641,315.77823,227.11217,7.619034,135.068525334684,171.597061598512
a16_s7_t3_color.avi,a16,s7,t3,287.06125,236.03755,288.6793,235.00502,292.18643,212.36458,28.798157,131.348910039859,140.055494810185,313.0602,232.01318,314.0669,231.5641,315.77823,227.11217,7.619034,135.068525334684,171.597061598512
a13_s6_t3_color.avi,a13,s6,t3,289.9468,146.97661,292.38217,147.7473,289.30804,138.23668,9.378693,54.5271571983179,152.416887919398,284.90298,105.02746,288.22247,104.98384,286.43808,105.056206,1.5638428,1.56952363420461,171.686844660001
a13_s6_t3_color.avi,a13,s6,t3,289.9468,146.97661,292.38217,147.7473,289.30804,138.23668,9.378693,54.5271571983179,152.416887919398,284.90298,105.02746,288.22247,104.98384,286.43808,105.056206,1.5638428,1.56952363420461,171.686844660001
a5_s7_t1_color.avi,a5,s7,t1,322.95,213.99855,316.92947,206.25136,315.1943,153.83829,67.91597,144.044446143237,18.2098880320834,260.9895,248.95851,260.18384,249.38486,263.16342,248.39203,2.7404022,9.45855972724871,171.869897645844
a5_s7_t1_color.avi,a5,s7,t1,322.95,213.99855,316.92947,206.25136,315.1943,153.83829,67.91597,144.044446143237,18.2098880320834,260.9895,248.95851,260.18384,249.38486,263.16342,248.39203,2.7404022,9.45855972724871,171.869897645844
a13_s1_t4_color.avi,a13,s1,t4,347.01816,249.9773,332.17072,251.82436,328.08057,259.49243,28.452728,125.166759748996,173.301653603466,305.00577,357.0096,305.94937,356.9659,301.7562,357.08853,3.3284912,0.976669690502593,171.869897645844
a13_s1_t4_color.avi,a13,s1,t4,347.01816,249.9773,332.17072,251.82436,328.08057,259.49243,28.452728,125.166759748996,173.301653603466,305.00577,357.0096,305.94937,356.9659,301.7562,357.08853,3.3284912,0.976669690502593,171.869897645844
a12_s1_t3_color.avi,a12,s1,t3,346.4803,284.1585,320.14697,321.6645,329.86163,303.7147,36.174835,6.65026632432785,169.603310576076,288.73117,178.98654,293.9672,213.24794,296.60953,194.90063,23.79245,16.8842967763901,172.129677805574
a12_s1_t3_color.avi,a12,s1,t3,346.4803,284.1585,320.14697,321.6645,329.86163,303.7147,36.174835,6.65026632432785,169.603310576076,288.73117,178.98654,293.9672,213.24794,296.60953,194.90063,23.79245,16.8842967763901,172.129677805574
a12_s2_t2_color.avi,a12,s2,t2,280.00916,209.03036,299.49466,223.51869,312.31152,173.65163,67.68111,67.7817810941454,175.452318090137,297.01175,357.99637,306.2704,372.29224,330.4465,361.08075,36.519135,98.0497316534227,172.356746895889
a12_s2_t2_color.avi,a12,s2,t2,280.00916,209.03036,299.49466,223.51869,312.31152,173.65163,67.68111,67.7817810941454,175.452318090137,297.01175,357.99637,306.2704,372.29224,330.4465,361.08075,36.519135,98.0497316534227,172.356746895889
a26_s3_t1_color.avi,a26,s3,t1,301.02716,160.00868,302.45572,166.6623,301.566,188.14195,28.67212,165.510420422935,178.80774939196,320.01447,357.03928,324.29843,356.9027,334.90167,356.62088,15.305603,179.696819103563,172.503674666346
a26_s3_t1_color.avi,a26,s3,t1,301.02716,160.00868,302.45572,166.6623,301.566,188.14195,28.67212,165.510420422935,178.80774939196,320.01447,357.03928,324.29843,356.9027,334.90167,356.62088,15.305603,179.696819103563,172.503674666346
a6_s6_t1_color.avi,a6,s6,t1,278.88687,104.99208,281.20587,105.104034,281.1077,105.12543,2.3541718,15.0567816197155,178.636072468397,318.9322,105.99668,320.22217,105.99499,319.80527,106.00109,0.8774872,0.763614840752853,173.114704444491
a6_s6_t1_color.avi,a6,s6,t1,278.88687,104.99208,281.20587,105.104034,281.1077,105.12543,2.3541718,15.0567816197155,178.636072468397,318.9322,105.99668,320.22217,105.99499,319.80527,106.00109,0.8774872,0.763614840752853,173.114704444491
a26_s2_t3_color.avi,a26,s2,t3,263.31772,244.91885,258.6057,247.66689,277.39645,217.90909,41.0885,27.4787434783545,169.334234542279,319.40048,207.06903,318.8962,220.90182,324.78537,208.0097,6.3255615,22.4632811406398,173.277803745126
a26_s2_t3_color.avi,a26,s2,t3,263.31772,244.91885,258.6057,247.66689,277.39645,217.90909,41.0885,27.4787434783545,169.334234542279,319.40048,207.06903,318.8962,220.90182,324.78537,208.0097,6.3255615,22.4632811406398,173.277803745126
a21_s8_t1_color.avi,a21,s8,t1,346.03885,356.0412,353.631,356.01477,346.2044,279.37384,76.83292,84.6646899992051,171.138757875467,318.9667,357.02136,321.67572,357.58182,312.07574,373.6737,23.543304,70.8696150978306,173.457958176626
a21_s8_t1_color.avi,a21,s8,t1,346.03885,356.0412,353.631,356.01477,346.2044,279.37384,76.83292,84.6646899992051,171.138757875467,318.9667,357.02136,321.67572,357.58182,312.07574,373.6737,23.543304,70.8696150978306,173.457958176626
a12_s2_t4_color.avi,a12,s2,t4,325.29538,252.91653,337.51755,253.6571,324.79758,209.56276,43.851578,70.4411984674885,175.340364352646,269.32108,193.41353,305.60867,209.68448,296.59598,197.10966,30.971039,30.2189195059973,173.503128623442
a12_s2_t4_color.avi,a12,s2,t4,325.29538,252.91653,337.51755,253.6571,324.79758,209.56276,43.851578,70.4411984674885,175.340364352646,269.32108,193.41353,305.60867,209.68448,296.59598,197.10966,30.971039,30.2189195059973,173.503128623442
a26_s1_t2_color.avi,a26,s1,t2,295.96893,176.80763,275.63956,225.16817,282.3058,214.94194,51.797455,10.2988505623719,172.973930216592,319.05667,178.0846,314.92114,229.64838,315.33713,220.17923,45.81418,2.07001004884346,173.54634471105
a26_s1_t2_color.avi,a26,s1,t2,295.96893,176.80763,275.63956,225.16817,282.3058,214.94194,51.797455,10.2988505623719,172.973930216592,319.05667,178.0846,314.92114,229.64838,315.33713,220.17923,45.81418,2.07001004884346,173.54634471105
a26_s4_t1_color.avi,a26,s4,t1,322.99084,356.92493,325.89825,357.04776,329.43854,310.02753,53.345093,91.8866198710551,175.165781608702,305.05286,322.01248,304.08633,354.08603,307.66934,338.22363,18.827637,11.0023308253037,173.583164894061
a26_s4_t1_color.avi,a26,s4,t1,322.99084,356.92493,325.89825,357.04776,329.43854,310.02753,53.345093,91.8866198710551,175.165781608702,305.05286,322.01248,304.08633,354.08603,307.66934,338.22363,18.827637,11.0023308253037,173.583164894061
a26_s5_t2_color.avi,a26,s5,t2,301.04138,154.06099,314.03384,159.74458,304.46036,215.76074,65.11873,103.92864688065,173.068471894333,315.06805,175.00742,326.73065,180.02689,320.30295,233.46768,63.69516,106.428155966859,173.85068501385
a26_s5_t2_color.avi,a26,s5,t2,301.04138,154.06099,314.03384,159.74458,304.46036,215.76074,65.11873,103.92864688065,173.068471894333,315.06805,175.00742,326.73065,180.02689,320.30295,233.46768,63.69516,106.428155966859,173.85068501385
a7_s3_t1_color.avi,a7,s3,t1,325.02347,357.02567,326.23352,357.0222,325.95703,357.01337,0.9458618,1.99192658695117,172.05652818941,276.06146,357.989,276.1496,358.05206,276.45612,357.9576,0.4260559,127.294680123744,173.895315123071
a7_s3_t1_color.avi,a7,s3,t1,325.02347,357.02567,326.23352,357.0222,325.95703,357.01337,0.9458618,1.99192658695117,172.05652818941,276.06146,357.989,276.1496,358.05206,276.45612,357.9576,0.4260559,127.294680123744,173.895315123071
a14_s6_t4_color.avi,a14,s6,t4,258.83792,308.88477,258.05475,274.24127,259.24615,274.4559,34.837097,78.4927375102205,18.7780332224455,388.96924,236.98907,369.9851,241.27998,371.54922,240.30852,20.739456,19.1078794727646,173.899055804285
a14_s6_t4_color.avi,a14,s6,t4,258.83792,308.88477,258.05475,274.24127,259.24615,274.4559,34.837097,78.4927375102205,18.7780332224455,388.96924,236.98907,369.9851,241.27998,371.54922,240.30852,20.739456,19.1078794727646,173.899055804285
a24_s7_t4_color.avi,a24,s7,t4,271.921,250.0223,267.00415,249.98514,285.67435,162.41376,101.36189,78.3977054833556,29.4583754505557,275.9972,318.05896,267.0957,316.7263,255.57353,275.6741,62.808517,114.192613807135,173.918966086108
a24_s7_t4_color.avi,a24,s7,t4,271.921,250.0223,267.00415,249.98514,285.67435,162.41376,101.36189,78.3977054833556,29.4583754505557,275.9972,318.05896,267.0957,316.7263,255.57353,275.6741,62.808517,114.192613807135,173.918966086108
a26_s5_t3_color.avi,a26,s5,t3,314.14212,176.97981,326.15295,184.81552,318.06024,187.79675,14.735062,53.3429221166938,173.988601532149,290.16006,172.9418,302.29422,178.10994,291.88132,183.77023,12.549683,51.5977783216148,174.092581078149
a26_s5_t3_color.avi,a26,s5,t3,314.14212,176.97981,326.15295,184.81552,318.06024,187.79675,14.735062,53.3429221166938,173.988601532149,290.16006,172.9418,302.29422,178.10994,291.88132,183.77023,12.549683,51.5977783216148,174.092581078149
a18_s3_t4_color.avi,a18,s3,t4,269.62906,295.0404,271.90152,288.29724,272.17773,288.98022,8.608856,40.6434938976396,152.965593445987,301.00085,155.03206,301.042,156.41891,301.14728,154.10481,1.0736694,4.30399031361406,174.124472611779
a18_s3_t4_color.avi,a18,s3,t4,269.62906,295.0404,271.90152,288.29724,272.17773,288.98022,8.608856,40.6434938976396,152.965593445987,301.00085,155.03206,301.042,156.41891,301.14728,154.10481,1.0736694,4.30399031361406,174.124472611779
a26_s5_t1_color.avi,a26,s5,t1,330.7116,291.06262,346.15366,299.65396,343.9588,326.0232,48.207764,114.331744547801,172.877901247589,280.79773,173.07245,295.38025,177.148,286.89957,212.54924,45.57863,92.1428693728587,174.475788607656
a26_s5_t1_color.avi,a26,s5,t1,330.7116,291.06262,346.15366,299.65396,343.9588,326.0232,48.207764,114.331744547801,172.877901247589,280.79773,173.07245,295.38025,177.148,286.89957,212.54924,45.57863,92.1428693728587,174.475788607656
a12_s7_t1_color.avi,a12,s7,t1,287.93314,225.05867,291.52344,226.26772,285.46518,311.69708,89.10637,104.554754002155,175.291741316655,320.94983,210.9942,325.28442,211.96057,308.7853,279.4101,80.580414,88.8227327902025,174.632485761454
a12_s7_t1_color.avi,a12,s7,t1,287.93314,225.05867,291.52344,226.26772,285.46518,311.69708,89.10637,104.554754002155,175.291741316655,320.94983,210.9942,325.28442,211.96057,308.7853,279.4101,80.580414,88.8227327902025,174.632485761454
a18_s7_t2_color.avi,a18,s7,t2,302.0244,225.07031,301.20926,220.98474,318.7173,232.31073,23.933289,45.8175523935204,169.883384647052,308.99924,231.0499,307.5128,222.79474,318.46136,224.9808,15.5312195,68.5009529596345,174.633850001547
a18_s7_t2_color.avi,a18,s7,t2,302.0244,225.07031,301.20926,220.98474,318.7173,232.31073,23.933289,45.8175523935204,169.883384647052,308.99924,231.0499,307.5128,222.79474,318.46136,224.9808,15.5312195,68.5009529596345,174.633850001547
a27_s5_t4_color.avi,a27,s5,t4,285.8554,168.0029,284.6271,165.50368,270.02634,243.4463,91.27248,36.7829957310875,152.103454598846,388.98654,237.00911,388.98737,237.01636,409.19107,229.0565,28.157135,74.9823356860438,174.740511429365
a27_s5_t4_color.avi,a27,s5,t4,285.8554,168.0029,284.6271,165.50368,270.02634,243.4463,91.27248,36.7829957310875,152.103454598846,388.98654,237.00911,388.98737,237.01636,409.19107,229.0565,28.157135,74.9823356860438,174.740511429365
a11_s2_t4_color.avi,a11,s2,t4,321.96432,214.01926,290.1832,222.46063,362.1252,219.57794,45.719574,12.5802568245669,95.2532175314656,388.9656,238.00034,388.99808,238.04144,377.56094,243.64673,17.051056,77.8039272794678,174.762890106788
a11_s2_t4_color.avi,a11,s2,t4,321.96432,214.01926,290.1832,222.46063,362.1252,219.57794,45.719574,12.5802568245669,95.2532175314656,388.9656,238.00034,388.99808,238.04144,377.56094,243.64673,17.051056,77.8039272794678,174.762890106788
a27_s7_t4_color.avi,a27,s7,t4,291.81693,233.02647,292.08807,232.02289,313.6966,266.95273,55.805923,46.8612095600076,39.9216105524955,300.87817,358.0246,301.02377,356.8715,303.51947,344.6597,16.006195,175.646102185049,174.957548930829
a27_s7_t4_color.avi,a27,s7,t4,291.81693,233.02647,292.08807,232.02289,313.6966,266.95273,55.805923,46.8612095600076,39.9216105524955,300.87817,358.0246,301.02377,356.8715,303.51947,344.6597,16.006195,175.646102185049,174.957548930829
a2_s5_t2_color.avi,a2,s5,t2,282.0305,169.00069,280.7112,169.37767,276.71005,142.24246,32.07866,82.4406530853234,6.43578803801802,389.02835,238.0162,389.0181,237.9895,370.40155,238.63295,19.243546,109.027249764139,175.143123542261
a2_s5_t2_color.avi,a2,s5,t2,282.0305,169.00069,280.7112,169.37767,276.71005,142.24246,32.07866,82.4406530853234,6.43578803801802,389.02835,238.0162,389.0181,237.9895,370.40155,238.63295,19.243546,109.027249764139,175.143123542261
a12_s1_t2_color.avi,a12,s1,t2,340.9631,277.019,347.3956,289.03098,322.85834,352.4939,93.57965,130.692159276091,148.494331816681,282.9448,178.08176,305.26743,187.62843,306.04874,220.3401,65.36229,114.523083139565,175.501383096262
a12_s1_t2_color.avi,a12,s1,t2,340.9631,277.019,347.3956,289.03098,322.85834,352.4939,93.57965,130.692159276091,148.494331816681,282.9448,178.08176,305.26743,187.62843,306.04874,220.3401,65.36229,114.523083139565,175.501383096262
a21_s8_t3_color.avi,a21,s8,t3,352.1138,355.98138,352.52026,357.8252,351.99948,271.44003,84.65567,12.0864654184903,170.339406313642,325.0913,357.9611,312.9392,359.79065,314.44876,356.9257,11.677948,53.6533184805105,175.782690392786
a21_s8_t3_color.avi,a21,s8,t3,352.1138,355.98138,352.52026,357.8252,351.99948,271.44003,84.65567,12.0864654184903,170.339406313642,325.0913,357.9611,312.9392,359.79065,314.44876,356.9257,11.677948,53.6533184805105,175.782690392786
a27_s3_t4_color.avi,a27,s3,t4,300.96204,152.9919,301.06296,153.88235,301.08185,204.52507,51.652985,173.55528280632,2.48540195630961,325.0109,357.00354,325.65036,356.98672,324.2523,330.4588,27.303345,88.4894812620202,175.914383220025
a27_s3_t4_color.avi,a27,s3,t4,300.96204,152.9919,301.06296,153.88235,301.08185,204.52507,51.652985,173.55528280632,2.48540195630961,325.0109,357.00354,325.65036,356.98672,324.2523,330.4588,27.303345,88.4894812620202,175.914383220025
a19_s3_t3_color.avi,a19,s3,t3,271.00412,296.06128,271.75406,295.9235,273.1863,295.9389,2.3045654,168.972631478872,148.05194056867,323.00256,356.98367,323.68057,356.99677,324.4652,356.98727,1.4662476,178.200749458553,176.18592516571
a19_s3_t3_color.avi,a19,s3,t3,271.00412,296.06128,271.75406,295.9235,273.1863,295.9389,2.3045654,168.972631478872,148.05194056867,323.00256,356.98367,323.68057,356.99677,324.4652,356.98727,1.4662476,178.200749458553,176.18592516571
a26_s2_t4_color.avi,a26,s2,t4,263.25873,243.98178,263.4354,244.39493,282.14713,215.12007,47.750107,55.7377556844858,176.596911187451,318.26724,206.99266,321.83652,216.24765,324.5293,209.12833,8.39772,41.807994202845,176.355762032003
a26_s2_t4_color.avi,a26,s2,t4,263.25873,243.98178,263.4354,244.39493,282.14713,215.12007,47.750107,55.7377556844858,176.596911187451,318.26724,206.99266,321.83652,216.24765,324.5293,209.12833,8.39772,41.807994202845,176.355762032003
a26_s7_t1_color.avi,a26,s7,t1,303.10934,322.06873,306.31598,328.8134,310.3866,390.17905,75.38757,158.367132983241,176.034725274472,323.14136,215.02002,328.77042,218.37427,318.05487,279.74792,69.81439,110.886162017486,176.383616837411
a26_s7_t1_color.avi,a26,s7,t1,303.10934,322.06873,306.31598,328.8134,310.3866,390.17905,75.38757,158.367132983241,176.034725274472,323.14136,215.02002,328.77042,218.37427,318.05487,279.74792,69.81439,110.886162017486,176.383616837411
a3_s1_t4_color.avi,a3,s1,t4,400.9876,239.98756,350.51254,247.33125,356.90167,294.1422,98.240585,90.5058056805106,112.271096010128,576.0085,114.01015,575.977,113.99765,575.9735,114.01526,0.04008484,79.5329049011731,176.41253410093
a3_s1_t4_color.avi,a3,s1,t4,400.9876,239.98756,350.51254,247.33125,356.90167,294.1422,98.240585,90.5058056805106,112.271096010128,576.0085,114.01015,575.977,113.99765,575.9735,114.01526,0.04008484,79.5329049011731,176.41253410093
a24_s4_t2_color.avi,a24,s4,t2,303.00656,212.03633,302.90808,222.26703,303.08112,155.07237,57.038513,0.403802406499355,146.735438953437,303.03662,353.01556,301.4014,355.02216,303.25385,350.804,2.4288025,15.4683687346876,176.421251902981
a24_s4_t2_color.avi,a24,s4,t2,303.00656,212.03633,302.90808,222.26703,303.08112,155.07237,57.038513,0.403802406499355,146.735438953437,303.03662,353.01556,301.4014,355.02216,303.25385,350.804,2.4288025,15.4683687346876,176.421251902981
a19_s7_t1_color.avi,a19,s7,t1,320.90677,217.01671,314.515,166.32967,310.89932,178.47133,48.552826,23.7703029824552,19.4644331937071,46.00049,162.9619,45.972557,163.017,46.01311,162.99867,0.049396515,38.8009460692035,176.527847010907
a19_s7_t1_color.avi,a19,s7,t1,320.90677,217.01671,314.515,166.32967,310.89932,178.47133,48.552826,23.7703029824552,19.4644331937071,46.00049,162.9619,45.972557,163.017,46.01311,162.99867,0.049396515,38.8009460692035,176.527847010907
a23_s4_t4_color.avi,a23,s4,t4,335.189,301.94894,323.20428,288.1066,347.3675,310.3982,20.627747,6.42110504872276,16.0513542935004,303.15845,348.05182,303.6126,347.0515,301.99066,348.92557,2.0415344,16.4562005550662,176.587106769281
a23_s4_t4_color.avi,a23,s4,t4,335.189,301.94894,323.20428,288.1066,347.3675,310.3982,20.627747,6.42110504872276,16.0513542935004,303.15845,348.05182,303.6126,347.0515,301.99066,348.92557,2.0415344,16.4562005550662,176.587106769281
a12_s8_t4_color.avi,a12,s8,t4,331.01758,356.9576,332.8436,357.3669,322.98996,405.42468,56.49469,91.0468261703777,12.5028748232898,279.95404,357.98398,272.1628,358.72385,276.11273,358.0225,3.8798218,4.64403390549932,176.589534187287
a12_s8_t4_color.avi,a12,s8,t4,331.01758,356.9576,332.8436,357.3669,322.98996,405.42468,56.49469,91.0468261703777,12.5028748232898,279.95404,357.98398,272.1628,358.72385,276.11273,358.0225,3.8798218,4.64403390549932,176.589534187287
a16_s7_t2_color.avi,a16,s7,t2,287.0451,235.01826,286.4431,236.54439,303.18137,238.51071,19.628708,75.1730096843071,164.376258380506,314.00922,231.98558,312.47223,233.16864,308.3731,245.41208,19.062607,146.097054573036,176.650837877281
a16_s7_t2_color.avi,a16,s7,t2,287.0451,235.01826,286.4431,236.54439,303.18137,238.51071,19.628708,75.1730096843071,164.376258380506,314.00922,231.98558,312.47223,233.16864,308.3731,245.41208,19.062607,146.097054573036,176.650837877281
a26_s7_t2_color.avi,a26,s7,t2,303.6488,321.95508,302.6768,339.5195,315.23264,390.73822,80.366974,163.058528504701,177.058619196669,260.97272,248.99588,258.61786,250.4478,282.95255,220.39232,50.58339,19.3478532047099,176.664166001836
a26_s7_t2_color.avi,a26,s7,t2,303.6488,321.95508,302.6768,339.5195,315.23264,390.73822,80.366974,163.058528504701,177.058619196669,260.97272,248.99588,258.61786,250.4478,282.95255,220.39232,50.58339,19.3478532047099,176.664166001836
a21_s7_t1_color.avi,a21,s7,t1,296.96667,357.98035,293.65118,340.8598,291.0095,288.12936,75.80817,171.908010195172,20.0210869976944,271.9145,358.0336,276.68555,357.95682,276.70752,357.92258,4.9040527,123.61074643543,176.709347171332
a21_s7_t1_color.avi,a21,s7,t1,296.96667,357.98035,293.65118,340.8598,291.0095,288.12936,75.80817,171.908010195172,20.0210869976944,271.9145,358.0336,276.68555,357.95682,276.70752,357.92258,4.9040527,123.61074643543,176.709347171332
a26_s6_t4_color.avi,a26,s6,t4,281.31036,155.05318,301.45123,158.23988,284.55212,244.2549,92.44348,87.8757009605149,147.280250126171,322.1298,356.97736,327.10016,356.90396,346.27124,356.9713,24.147491,178.952853652761,176.726803673512
a26_s6_t4_color.avi,a26,s6,t4,281.31036,155.05318,301.45123,158.23988,284.55212,244.2549,92.44348,87.8757009605149,147.280250126171,322.1298,356.97736,327.10016,356.90396,346.27124,356.9713,24.147491,178.952853652761,176.726803673512
a22_s5_t3_color.avi,a22,s5,t3,328.76874,283.99124,324.78455,304.0268,344.3982,242.88867,56.732025,6.53982606391293,4.86566818478858,296.82547,350.09018,297.0326,354.79733,293.3118,351.25735,4.680847,43.9070654481965,176.740258897413
a22_s5_t3_color.avi,a22,s5,t3,328.76874,283.99124,324.78455,304.0268,344.3982,242.88867,56.732025,6.53982606391293,4.86566818478858,296.82547,350.09018,297.0326,354.79733,293.3118,351.25735,4.680847,43.9070654481965,176.740258897413
a21_s3_t1_color.avi,a21,s3,t1,323.04507,357.01468,318.66403,376.45972,321.6179,385.9336,30.3461,149.98610138318,6.2376600778957,389.02097,237.01923,389.02292,237.04189,369.86804,244.1057,26.239395,105.316190971231,176.7725570167
a21_s3_t1_color.avi,a21,s3,t1,323.04507,357.01468,318.66403,376.45972,321.6179,385.9336,30.3461,149.98610138318,6.2376600778957,389.02097,237.01923,389.02292,237.04189,369.86804,244.1057,26.239395,105.316190971231,176.7725570167
a3_s8_t4_color.avi,a3,s8,t4,389.02853,238.0459,358.5653,245.30832,342.061,248.77965,57.70128,178.468783939662,3.21204994485918,559.0004,113.98781,558.9846,113.98297,558.981,114.009125,0.040725708,80.8264371939543,176.820169880136
a3_s8_t4_color.avi,a3,s8,t4,389.02853,238.0459,358.5653,245.30832,342.061,248.77965,57.70128,178.468783939662,3.21204994485918,559.0004,113.98781,558.9846,113.98297,558.981,114.009125,0.040725708,80.8264371939543,176.820169880136
a10_s2_t3_color.avi,a10,s2,t3,388.9942,237.99487,350.76343,236.44151,326.30237,213.46555,87.22116,139.119861656794,16.115758325399,46.018166,162.97728,46.001263,163.00732,45.993053,163,0.04783249,77.6227687232391,176.820169880136
a10_s2_t3_color.avi,a10,s2,t3,388.9942,237.99487,350.76343,236.44151,326.30237,213.46555,87.22116,139.119861656794,16.115758325399,46.018166,162.97728,46.001263,163.00732,45.993053,163,0.04783249,77.6227687232391,176.820169880136
a18_s7_t1_color.avi,a18,s7,t1,312.09766,231.93477,302.98618,220.76875,298.7652,247.8941,29.291794,48.0593459179708,143.007800041938,321.0861,217.02014,319.7864,215.50018,312.90662,222.47626,13.63559,85.1348802323647,176.898022434703
a18_s7_t1_color.avi,a18,s7,t1,312.09766,231.93477,302.98618,220.76875,298.7652,247.8941,29.291794,48.0593459179708,143.007800041938,321.0861,217.02014,319.7864,215.50018,312.90662,222.47626,13.63559,85.1348802323647,176.898022434703
a24_s1_t3_color.avi,a24,s1,t3,272.00674,248.9909,256.13538,249.98187,250.21034,250.24269,23.048187,178.947779795819,178.065406571864,260.9726,250.0079,259.17154,248.47385,252.96255,249.03394,8.984009,134.422662898919,176.911427696036
a24_s1_t3_color.avi,a24,s1,t3,272.00674,248.9909,256.13538,249.98187,250.21034,250.24269,23.048187,178.947779795819,178.065406571864,260.9726,250.0079,259.17154,248.47385,252.96255,249.03394,8.984009,134.422662898919,176.911427696036
a26_s3_t3_color.avi,a26,s3,t3,283.9355,358.0319,285.46906,357.96167,269.4983,359.0454,15.450714,1.26048622918225,178.206251915826,325.0153,356.96817,328.71463,356.8868,332.36658,358.17383,8.556946,159.326641494009,176.924590989509
a26_s3_t3_color.avi,a26,s3,t3,283.9355,358.0319,285.46906,357.96167,269.4983,359.0454,15.450714,1.26048622918225,178.206251915826,325.0153,356.96817,328.71463,356.8868,332.36658,358.17383,8.556946,159.326641494009,176.924590989509
a20_s8_t3_color.avi,a20,s8,t3,388.96945,237.98859,405.82947,210.93504,396.20667,242.11267,11.361298,14.7789908666028,169.476458585909,560.0185,113.00284,559.99963,112.991554,560.0108,113.02295,0.027801514,39.5237615167032,176.955704021391
a20_s8_t3_color.avi,a20,s8,t3,388.96945,237.98859,405.82947,210.93504,396.20667,242.11267,11.361298,14.7789908666028,169.476458585909,560.0185,113.00284,559.99963,112.991554,560.0108,113.02295,0.027801514,39.5237615167032,176.955704021391
a2_s2_t1_color.avi,a2,s2,t1,345.9897,251.04451,331.82336,248.31256,332.52142,277.0565,39.48024,77.6934334947579,111.722414112024,389.00446,237.98787,388.98187,237.96019,379.9882,245.52974,16.558136,89.1244935175775,177.01999088353
a2_s2_t1_color.avi,a2,s2,t1,345.9897,251.04451,331.82336,248.31256,332.52142,277.0565,39.48024,77.6934334947579,111.722414112024,389.00446,237.98787,388.98187,237.96019,379.9882,245.52974,16.558136,89.1244935175775,177.01999088353
a5_s6_t3_color.avi,a5,s6,t3,389.01126,237.03337,381.77405,185.0364,332.60587,238.60329,57.97531,50.4721476401534,21.8022425758833,46.015682,162.99176,45.99612,163.00142,46.02646,162.96518,0.03735733,23.7870422998679,177.02989606706
a5_s6_t3_color.avi,a5,s6,t3,389.01126,237.03337,381.77405,185.0364,332.60587,238.60329,57.97531,50.4721476401534,21.8022425758833,46.015682,162.99176,45.99612,163.00142,46.02646,162.96518,0.03735733,23.7870422998679,177.02989606706
a14_s3_t4_color.avi,a14,s3,t4,388.9737,236.99765,388.9547,236.99658,368.6451,244.54024,27.87117,156.402691297672,2.09802244609523,559.99445,111.992966,559.9785,111.98401,560.02985,111.9582,0.07016754,56.041678028202,177.137594773888
a14_s3_t4_color.avi,a14,s3,t4,388.9737,236.99765,388.9547,236.99658,368.6451,244.54024,27.87117,156.402691297672,2.09802244609523,559.99445,111.992966,559.9785,111.98401,560.02985,111.9582,0.07016754,56.041678028202,177.137594773888
a5_s5_t1_color.avi,a5,s5,t1,389.01666,238.00287,358.09726,245.10056,359.0295,245.06879,37.05307,10.9767672805594,9.86120024074905,40.032818,171.98674,40.007027,172.00014,40.013824,171.98445,0.021282196,39.1201314268682,177.139507097978
a5_s5_t1_color.avi,a5,s5,t1,389.01666,238.00287,358.09726,245.10056,359.0295,245.06879,37.05307,10.9767672805594,9.86120024074905,40.032818,171.98674,40.007027,172.00014,40.013824,171.98445,0.021282196,39.1201314268682,177.139507097978
a24_s7_t1_color.avi,a24,s7,t1,261.00256,250.0062,279.8943,236.27574,276.67212,161.80821,103.86754,123.531940565949,20.9907500998449,270.96628,342.02606,271.83777,333.12952,255.20549,311.8522,45.934647,136.39084150753,177.172505952773
a24_s7_t1_color.avi,a24,s7,t1,261.00256,250.0062,279.8943,236.27574,276.67212,161.80821,103.86754,123.531940565949,20.9907500998449,270.96628,342.02606,271.83777,333.12952,255.20549,311.8522,45.934647,136.39084150753,177.172505952773
a22_s3_t4_color.avi,a22,s3,t4,325.8175,356.9803,328.2701,356.9508,323.17322,357.013,2.677002,0,0.698694382983693,275.85504,357.9987,274.3874,358.08182,273.394,357.9891,2.4706116,171.426165970768,177.244520547229
a22_s3_t4_color.avi,a22,s3,t4,325.8175,356.9803,328.2701,356.9508,323.17322,357.013,2.677002,0,0.698694382983693,275.85504,357.9987,274.3874,358.08182,273.394,357.9891,2.4706116,171.426165970768,177.244520547229
a4_s8_t2_color.avi,a4,s8,t2,287.99442,181.9846,288.55304,181.85725,288.18463,181.88393,0.29089355,8.7013536402477,7.12501634890176,302.0025,137.9938,302.03455,138.2475,302.05627,138.11383,0.1737976,16.4318706399342,177.273689006094
a4_s8_t2_color.avi,a4,s8,t2,287.99442,181.9846,288.55304,181.85725,288.18463,181.88393,0.29089355,8.7013536402477,7.12501634890176,302.0025,137.9938,302.03455,138.2475,302.05627,138.11383,0.1737976,16.4318706399342,177.273689006094
a5_s5_t3_color.avi,a5,s5,t3,388.99716,238.00594,370.16058,245.46793,369.45135,245.53697,27.076843,163.949757545369,155.776533836664,46.00854,163.00768,45.999332,162.95247,45.965405,162.97974,0.07107544,60.6816057310513,177.273689006094
a5_s5_t3_color.avi,a5,s5,t3,388.99716,238.00594,370.16058,245.46793,369.45135,245.53697,27.076843,163.949757545369,155.776533836664,46.00854,163.00768,45.999332,162.95247,45.965405,162.97974,0.07107544,60.6816057310513,177.273689006094
a17_s7_t2_color.avi,a17,s7,t2,388.98163,237.99922,388.99664,237.98567,331.843,192.94003,102.19783,80.3077277514746,174.470428925095,46.006535,162.99829,45.97754,163.01884,45.97487,163.01776,0.051136017,122.585825515457,177.273689006094
a17_s7_t2_color.avi,a17,s7,t2,388.98163,237.99922,388.99664,237.98567,331.843,192.94003,102.19783,80.3077277514746,174.470428925095,46.006535,162.99829,45.97754,163.01884,45.97487,163.01776,0.051136017,122.585825515457,177.273689006094
a5_s3_t2_color.avi,a5,s3,t2,389.00336,237.01413,388.07788,238.91948,388.08936,238.9151,2.814972,43.2036882730162,0.511555866587281,45.994034,163.03145,46.035606,162.9985,46.014084,162.99216,0.05934143,54.8270923117056,177.273689006094
a5_s3_t2_color.avi,a5,s3,t2,389.00336,237.01413,388.07788,238.91948,388.08936,238.9151,2.814972,43.2036882730162,0.511555866587281,45.994034,163.03145,46.035606,162.9985,46.014084,162.99216,0.05934143,54.8270923117056,177.273689006094
a18_s5_t1_color.avi,a18,s5,t1,388.95526,238.00623,389.0097,238.00862,343.52454,237.83907,45.597885,2.30596995938646,15.8661503897977,46.007137,162.99574,45.9921,162.98898,45.984203,162.95284,0.065841675,126.527273288715,177.273689006094
a18_s5_t1_color.avi,a18,s5,t1,388.95526,238.00623,389.0097,238.00862,343.52454,237.83907,45.597885,2.30596995938646,15.8661503897977,46.007137,162.99574,45.9921,162.98898,45.984203,162.95284,0.065841675,126.527273288715,177.273689006094
a5_s3_t1_color.avi,a5,s3,t1,389.01767,237.01541,376.46295,243.41667,376.50964,243.44061,18.933228,54.1618811071306,162.284527656332,45.998543,162.95789,46.01386,162.9933,46.00781,163.04128,0.09265518,149.425423267356,177.273689006094
a5_s3_t1_color.avi,a5,s3,t1,389.01767,237.01541,376.46295,243.41667,376.50964,243.44061,18.933228,54.1618811071306,162.284527656332,45.998543,162.95789,46.01386,162.9933,46.00781,163.04128,0.09265518,149.425423267356,177.273689006094
a26_s4_t2_color.avi,a26,s4,t2,304.2586,322.05682,307.4861,335.44397,307.117,364.3578,45.159363,165.713830977967,179.261041722637,300.1566,358.99136,301.74304,358.65073,299.20108,393.37912,35.34326,73.6953580849482,177.291707851934
a26_s4_t2_color.avi,a26,s4,t2,304.2586,322.05682,307.4861,335.44397,307.117,364.3578,45.159363,165.713830977967,179.261041722637,300.1566,358.99136,301.74304,358.65073,299.20108,393.37912,35.34326,73.6953580849482,177.291707851934
a14_s6_t3_color.avi,a14,s6,t3,266.82593,227.95502,259.6209,298.84445,264.42938,285.72083,60.162354,14.3192686434226,30.8302131861879,389.01584,237.01395,374.31302,241.56635,374.38324,241.04076,18.659409,65.1861351144523,177.293446339096
a14_s6_t3_color.avi,a14,s6,t3,266.82593,227.95502,259.6209,298.84445,264.42938,285.72083,60.162354,14.3192686434226,30.8302131861879,389.01584,237.01395,374.31302,241.56635,374.38324,241.04076,18.659409,65.1861351144523,177.293446339096
a10_s3_t2_color.avi,a10,s3,t2,388.9548,237.03238,313.79285,159.7862,305.09894,158.10611,162.78214,145.154004964198,44.1122925003605,560.0116,111.95663,559.9994,111.970375,560.0059,112.00142,0.050468445,126.517911828269,177.327158875654
a10_s3_t2_color.avi,a10,s3,t2,388.9548,237.03238,313.79285,159.7862,305.09894,158.10611,162.78214,145.154004964198,44.1122925003605,560.0116,111.95663,559.9994,111.970375,560.0059,112.00142,0.050468445,126.517911828269,177.327158875654
a26_s7_t3_color.avi,a26,s7,t3,319.93762,213.9972,324.9353,223.73856,291.4789,244.67177,59.133286,94.8741536323401,176.535649986168,303.0765,321.06372,304.8852,341.57602,300.15326,349.85797,31.717499,145.219239380199,177.395067605376
a26_s7_t3_color.avi,a26,s7,t3,319.93762,213.9972,324.9353,223.73856,291.4789,244.67177,59.133286,94.8741536323401,176.535649986168,303.0765,321.06372,304.8852,341.57602,300.15326,349.85797,31.717499,145.219239380199,177.395067605376
a23_s1_t3_color.avi,a23,s1,t3,283.90405,177.98413,294.76102,177.37132,289.71796,177.63509,6.1629486,0.236939063047487,66.8014094863518,295.94745,357.97922,297.91208,357.75516,299.54358,357.31357,4.26178,171.361254356607,177.569428463178
a23_s1_t3_color.avi,a23,s1,t3,283.90405,177.98413,294.76102,177.37132,289.71796,177.63509,6.1629486,0.236939063047487,66.8014094863518,295.94745,357.97922,297.91208,357.75516,299.54358,357.31357,4.26178,171.361254356607,177.569428463178
a12_s2_t3_color.avi,a12,s2,t3,355.0357,251.04358,352.6503,251.08841,315.34778,215.75195,74.97955,135.473737768851,178.753496843089,332.3778,211.09071,335.40326,212.79675,312.42404,217.4866,26.349655,40.9535969538071,177.699239724859
a12_s2_t3_color.avi,a12,s2,t3,355.0357,251.04358,352.6503,251.08841,315.34778,215.75195,74.97955,135.473737768851,178.753496843089,332.3778,211.09071,335.40326,212.79675,312.42404,217.4866,26.349655,40.9535969538071,177.699239724859
a4_s1_t3_color.avi,a4,s1,t3,342.97775,287.02713,337.26987,264.54263,352.12247,264.17865,31.993195,77.1596916604479,148.697049129351,388.9617,237.99059,366.38364,244.23268,365.3987,244.21361,29.78601,163.43619928241,177.827235853428
a4_s1_t3_color.avi,a4,s1,t3,342.97775,287.02713,337.26987,264.54263,352.12247,264.17865,31.993195,77.1596916604479,148.697049129351,388.9617,237.99059,366.38364,244.23268,365.3987,244.21361,29.78601,163.43619928241,177.827235853428
a26_s2_t2_color.avi,a26,s2,t2,283.33075,207.97995,283.50198,218.54108,287.53583,207.2226,4.962433,20.5446739706293,176.17836717864,301.069,164.89432,302.14844,173.22139,302.66724,162.84474,3.647812,10.2482793449166,177.834270920623
a26_s2_t2_color.avi,a26,s2,t2,283.33075,207.97995,283.50198,218.54108,287.53583,207.2226,4.962433,20.5446739706293,176.17836717864,301.069,164.89432,302.14844,173.22139,302.66724,162.84474,3.647812,10.2482793449166,177.834270920623
a23_s8_t3_color.avi,a23,s8,t3,316.76965,349.89886,317.39764,345.63257,315.94867,339.45093,11.268921,158.434348363127,177.447974561027,540.0001,133.9994,539.9653,133.96039,540.0389,133.96048,0.077682495,48.1564164584712,177.873116735414
a23_s8_t3_color.avi,a23,s8,t3,316.76965,349.89886,317.39764,345.63257,315.94867,339.45093,11.268921,158.434348363127,177.447974561027,540.0001,133.9994,539.9653,133.96039,540.0389,133.96048,0.077682495,48.1564164584712,177.873116735414
a18_s1_t1_color.avi,a18,s1,t1,344.96774,286.0634,352.0749,241.35216,349.51672,234.71814,55.894226,149.88070487179,34.4404910225916,284.9089,177.98137,284.4981,176.56393,274.55164,193.3645,25.740402,46.7893895998898,177.913944231553
a18_s1_t1_color.avi,a18,s1,t1,344.96774,286.0634,352.0749,241.35216,349.51672,234.71814,55.894226,149.88070487179,34.4404910225916,284.9089,177.98137,284.4981,176.56393,274.55164,193.3645,25.740402,46.7893895998898,177.913944231553
a22_s3_t2_color.avi,a22,s3,t2,261.09253,249.9955,264.2354,245.69739,256.34845,251.27742,6.026001,18.5453924475267,174.718884828824,330.98483,357.0096,333.7696,356.95724,328.45462,356.9772,2.562622,0.862177569203675,178.013976675491
a22_s3_t2_color.avi,a22,s3,t2,261.09253,249.9955,264.2354,245.69739,256.34845,251.27742,6.026001,18.5453924475267,174.718884828824,330.98483,357.0096,333.7696,356.95724,328.45462,356.9772,2.562622,0.862177569203675,178.013976675491
a6_s8_t1_color.avi,a6,s8,t1,327.95816,356.94797,327.89767,357.03976,327.7589,356.96594,0.21722412,95.3683317977599,180,47.01166,163.95615,47.017544,164.01385,46.9834,163.99507,0.06718826,55.364468943642,178.065322149114
a6_s8_t1_color.avi,a6,s8,t1,327.95816,356.94797,327.89767,357.03976,327.7589,356.96594,0.21722412,95.3683317977599,180,47.01166,163.95615,47.017544,164.01385,46.9834,163.99507,0.06718826,55.364468943642,178.065322149114
a4_s3_t2_color.avi,a4,s3,t2,276.01752,358.00412,275.96487,357.96817,275.24432,358.04797,0.8170471,139.350939360666,14.4572338610401,46.008724,163,45.99263,163.03928,46.01506,163.05786,0.06419754,107.361789874381,178.081458837961
a4_s3_t2_color.avi,a4,s3,t2,276.01752,358.00412,275.96487,357.96817,275.24432,358.04797,0.8170471,139.350939360666,14.4572338610401,46.008724,163,45.99263,163.03928,46.01506,163.05786,0.06419754,107.361789874381,178.081458837961
a26_s6_t3_color.avi,a26,s6,t3,288.3141,131.97481,308.4244,142.92455,300.36548,228.61131,108.6879,113.194638288096,135.401614694611,560.0141,111.97219,559.9952,111.989044,559.9955,111.95363,0.03717804,47.8140166563588,178.090847567004
a26_s6_t3_color.avi,a26,s6,t3,288.3141,131.97481,308.4244,142.92455,300.36548,228.61131,108.6879,113.194638288096,135.401614694611,560.0141,111.97219,559.9952,111.989044,559.9955,111.95363,0.03717804,47.8140166563588,178.090847567004
a12_s7_t3_color.avi,a12,s7,t3,301.07965,160.99922,304.41266,173.00723,303.2184,187.33064,28.470184,159.721057094237,177.128056837518,300.21033,357.97348,300.2106,367.92868,304.60675,355.2445,7.1253967,19.1171412295451,178.110940988583
a12_s7_t3_color.avi,a12,s7,t3,301.07965,160.99922,304.41266,173.00723,303.2184,187.33064,28.470184,159.721057094237,177.128056837518,300.21033,357.97348,300.2106,367.92868,304.60675,355.2445,7.1253967,19.1171412295451,178.110940988583
a19_s8_t4_color.avi,a19,s8,t4,363.9372,299.94443,359.91263,315.1989,360.48444,316.04218,19.550507,131.079686015927,68.060190536927,388.95532,237.99994,398.91794,242.7755,398.92313,242.84677,14.814636,119.773820148408,178.134241131045
a19_s8_t4_color.avi,a19,s8,t4,363.9372,299.94443,359.91263,315.1989,360.48444,316.04218,19.550507,131.079686015927,68.060190536927,388.95532,237.99994,398.91794,242.7755,398.92313,242.84677,14.814636,119.773820148408,178.134241131045
a1_s3_t4_color.avi,a1,s3,t4,389.01624,236.98218,314.27188,219.74629,333.2168,230.25418,62.527435,16.0298501439882,24.7240101125546,45.99194,162.9836,45.99407,162.99585,46.014057,162.95625,0.049461365,36.6406859079009,178.210089391754
a1_s3_t4_color.avi,a1,s3,t4,389.01624,236.98218,314.27188,219.74629,333.2168,230.25418,62.527435,16.0298501439882,24.7240101125546,45.99194,162.9836,45.99407,162.99585,46.014057,162.95625,0.049461365,36.6406859079009,178.210089391754
a18_s7_t3_color.avi,a18,s7,t3,310.24695,230.10725,303.16522,223.52594,295.10706,221.22076,24.026382,153.061620980161,163.187654061361,321.22308,216.11818,322.42813,214.36356,318.88748,209.77853,8.675247,107.843267754933,178.320884078095
a18_s7_t3_color.avi,a18,s7,t3,310.24695,230.10725,303.16522,223.52594,295.10706,221.22076,24.026382,153.061620980161,163.187654061361,321.22308,216.11818,322.42813,214.36356,318.88748,209.77853,8.675247,107.843267754933,178.320884078095
a17_s5_t3_color.avi,a17,s5,t3,286.71512,169.05472,257.38995,182.3687,245.75273,220.65588,92.56355,131.325046887609,7.13636835277919,388.98978,237.01111,371.7085,239.57658,372.27795,239.38594,19.086655,10.0654210488218,178.326384212912
a17_s5_t3_color.avi,a17,s5,t3,286.71512,169.05472,257.38995,182.3687,245.75273,220.65588,92.56355,131.325046887609,7.13636835277919,388.98978,237.01111,371.7085,239.57658,372.27795,239.38594,19.086655,10.0654210488218,178.326384212912
a24_s3_t3_color.avi,a24,s3,t3,271.99734,248.99715,269.26315,248.17714,276.11417,213.36093,39.753036,95.5621967015962,13.4396519646078,328.1076,347.0142,329.88864,340.59467,331.4906,332.8457,17.551483,176.17421780468,178.357142531851
a24_s3_t3_color.avi,a24,s3,t3,271.99734,248.99715,269.26315,248.17714,276.11417,213.36093,39.753036,95.5621967015962,13.4396519646078,328.1076,347.0142,329.88864,340.59467,331.4906,332.8457,17.551483,176.17421780468,178.357142531851
a11_s3_t3_color.avi,a11,s3,t3,302.977,152.9917,302.50287,154.44624,277.9796,171.74594,43.751617,143.254517629866,117.658917857721,389.00082,237.02083,389.02478,237.02025,384.3726,231.1726,10.476456,52.8819022603575,178.411308266389
a11_s3_t3_color.avi,a11,s3,t3,302.977,152.9917,302.50287,154.44624,277.9796,171.74594,43.751617,143.254517629866,117.658917857721,389.00082,237.02083,389.02478,237.02025,384.3726,231.1726,10.476456,52.8819022603575,178.411308266389
a26_s4_t3_color.avi,a26,s4,t3,299.09683,323.03537,307.24936,332.63297,307.4634,348.58102,33.91223,140.423251850958,177.927627950947,302.21808,196.99692,309.61395,201.27332,310.10196,212.74687,23.633835,122.47260392844,178.422998925018
a26_s4_t3_color.avi,a26,s4,t3,299.09683,323.03537,307.24936,332.63297,307.4634,348.58102,33.91223,140.423251850958,177.927627950947,302.21808,196.99692,309.61395,201.27332,310.10196,212.74687,23.633835,122.47260392844,178.422998925018
a21_s4_t1_color.avi,a21,s4,t1,342.95166,251.01057,340.19247,254.44756,276.80496,231.30547,85.85181,108.700679182444,7.23415584405703,389.0007,237.00307,389.013,237.04128,380.37213,243.16008,14.7855835,107.460630662887,178.434930914408
a21_s4_t1_color.avi,a21,s4,t1,342.95166,251.01057,340.19247,254.44756,276.80496,231.30547,85.85181,108.700679182444,7.23415584405703,389.0007,237.00307,389.013,237.04128,380.37213,243.16008,14.7855835,107.460630662887,178.434930914408
a5_s5_t4_color.avi,a5,s5,t4,388.9754,238.00188,389.45596,245.29993,389.4401,245.34314,7.805954,156.067809996281,175.914383220025,560.00256,112.97396,559.98755,112.98924,560.00366,113.003365,0.03050232,86.7369737242655,178.494950144138
a5_s5_t4_color.avi,a5,s5,t4,388.9754,238.00188,389.45596,245.29993,389.4401,245.34314,7.805954,156.067809996281,175.914383220025,560.00256,112.97396,559.98755,112.98924,560.00366,113.003365,0.03050232,86.7369737242655,178.494950144138
a12_s4_t2_color.avi,a12,s4,t2,322.95404,357.03928,321.15115,357.12317,324.39902,329.33307,29.151184,80.6698177962284,178.667157126928,263.81723,245.02042,269.6091,244.68542,264.52783,226.54494,19.18608,77.6622942717307,178.544574689459
a12_s4_t2_color.avi,a12,s4,t2,322.95404,357.03928,321.15115,357.12317,324.39902,329.33307,29.151184,80.6698177962284,178.667157126928,263.81723,245.02042,269.6091,244.68542,264.52783,226.54494,19.18608,77.6622942717307,178.544574689459
a27_s5_t1_color.avi,a27,s5,t1,388.9816,236.9908,388.95947,236.99945,342.63284,164.76378,118.575775,101.315903963566,133.116665552628,559.99023,112.00062,559.98804,111.9743,560.00305,111.97511,0.03832245,82.1160092016084,178.564175032651
a27_s5_t1_color.avi,a27,s5,t1,388.9816,236.9908,388.95947,236.99945,342.63284,164.76378,118.575775,101.315903963566,133.116665552628,559.99023,112.00062,559.98804,111.9743,560.00305,111.97511,0.03832245,82.1160092016084,178.564175032651
a20_s8_t1_color.avi,a20,s8,t1,388.99823,236.98524,404.85834,216.27104,401.33786,228.59465,20.730225,21.4969337721644,171.613930897133,45.999683,162.98546,46.013794,162.98416,46.00575,163.02414,0.0447464,73.3700601797239,178.567903815835
a20_s8_t1_color.avi,a20,s8,t1,388.99823,236.98524,404.85834,216.27104,401.33786,228.59465,20.730225,21.4969337721644,171.613930897133,45.999683,162.98546,46.013794,162.98416,46.00575,163.02414,0.0447464,73.3700601797239,178.567903815835
a26_s7_t4_color.avi,a26,s7,t4,261.01154,248.95242,260.45575,249.49046,288.83713,203.15474,73.623276,14.4413353624786,177.058434364557,303.06998,321.92874,303.84357,341.18738,293.45923,358.90698,46.58899,147.327885349158,178.570538658355
a26_s7_t4_color.avi,a26,s7,t4,261.01154,248.95242,260.45575,249.49046,288.83713,203.15474,73.623276,14.4413353624786,177.058434364557,303.06998,321.92874,303.84357,341.18738,293.45923,358.90698,46.58899,147.327885349158,178.570538658355
a26_s3_t2_color.avi,a26,s3,t2,303.9406,158.99767,304.69507,165.11023,303.98608,189.05698,30.104782,171.267886001869,179.446778610048,322.97473,357.024,326.61807,356.99475,337.3785,354.58704,16.840729,167.847228051153,178.572418624613
a26_s3_t2_color.avi,a26,s3,t2,303.9406,158.99767,304.69507,165.11023,303.98608,189.05698,30.104782,171.267886001869,179.446778610048,322.97473,357.024,326.61807,356.99475,337.3785,354.58704,16.840729,167.847228051153,178.572418624613
a15_s5_t1_color.avi,a15,s5,t1,282.94537,170.06827,297.69608,167.17122,274.69095,179.51184,17.697998,17.0989097354359,26.5802906056665,560.0016,112.990234,559.99023,113.00589,560.028,113.01787,0.05406189,71.6432839448084,178.584498503075
a15_s5_t1_color.avi,a15,s5,t1,282.94537,170.06827,297.69608,167.17122,274.69095,179.51184,17.697998,17.0989097354359,26.5802906056665,560.0016,112.990234,559.99023,113.00589,560.028,113.01787,0.05406189,71.6432839448084,178.584498503075
a26_s6_t1_color.avi,a26,s6,t1,301.0981,110.21825,304.49048,117.037155,299.37033,196.63872,88.148254,149.869623954523,162.638428615302,324.21967,356.9758,326.62857,356.99033,338.54794,369.81177,27.164246,133.257380460702,178.608303285628
a26_s6_t1_color.avi,a26,s6,t1,301.0981,110.21825,304.49048,117.037155,299.37033,196.63872,88.148254,149.869623954523,162.638428615302,324.21967,356.9758,326.62857,356.99033,338.54794,369.81177,27.164246,133.257380460702,178.608303285628
a26_s8_t4_color.avi,a26,s8,t4,261.0191,249.99098,261.0279,250.01152,304.30362,216.55649,76.71901,75.4613360117985,166.892468450439,337.9997,357.02386,341.70648,356.97852,347.46167,355.5728,10.913025,166.975205610732,178.615766746361
a26_s8_t4_color.avi,a26,s8,t4,261.0191,249.99098,261.0279,250.01152,304.30362,216.55649,76.71901,75.4613360117985,166.892468450439,337.9997,357.02386,341.70648,356.97852,347.46167,355.5728,10.913025,166.975205610732,178.615766746361
a3_s3_t2_color.avi,a3,s3,t2,389.04276,237.00356,389.01398,237.00249,325.84406,222.75964,77.44261,169.419648432586,8.00257157222703,45.977562,162.99544,46.008144,162.9812,45.998703,162.9929,0.023674011,26.1438885611816,178.626751939109
a3_s3_t2_color.avi,a3,s3,t2,389.04276,237.00356,389.01398,237.00249,325.84406,222.75964,77.44261,169.419648432586,8.00257157222703,45.977562,162.99544,46.008144,162.9812,45.998703,162.9929,0.023674011,26.1438885611816,178.626751939109
a15_s6_t1_color.avi,a15,s6,t1,389.00278,237.00836,389.03015,237.01552,208.18211,246.49052,190.30283,17.6498818747493,4.88346875166901,39.99483,171.02255,40.02361,171.00017,40.00847,170.97447,0.061717987,97.3695553024719,178.636072468397
a15_s6_t1_color.avi,a15,s6,t1,389.00278,237.00836,389.03015,237.01552,208.18211,246.49052,190.30283,17.6498818747493,4.88346875166901,39.99483,171.02255,40.02361,171.00017,40.00847,170.97447,0.061717987,97.3695553024719,178.636072468397
a3_s5_t3_color.avi,a3,s5,t3,388.9568,238.00958,348.50204,253.29982,347.97632,253.28712,56.25801,157.912142358933,18.3846203691663,559.99567,113.005486,560.0126,113.0147,559.9881,113.02606,0.028144836,53.4944368868545,178.651330847367
a3_s5_t3_color.avi,a3,s5,t3,388.9568,238.00958,348.50204,253.29982,347.97632,253.28712,56.25801,157.912142358933,18.3846203691663,559.99567,113.005486,560.0126,113.0147,559.9881,113.02606,0.028144836,53.4944368868545,178.651330847367
a8_s8_t2_color.avi,a8,s8,t2,389.003,238.02295,411.19815,243.0435,413.41315,243.10654,29.493744,168.884245288425,172.550120291444,41.009483,171.97829,40.9861,172.007,40.92853,171.99692,0.09958267,119.218123716111,178.658715792541
a8_s8_t2_color.avi,a8,s8,t2,389.003,238.02295,411.19815,243.0435,413.41315,243.10654,29.493744,168.884245288425,172.550120291444,41.009483,171.97829,40.9861,172.007,40.92853,171.99692,0.09958267,119.218123716111,178.658715792541
a23_s4_t1_color.avi,a23,s4,t1,261.028,245.03493,259.30878,245.90146,259.5505,246.23116,2.6737366,80.5006077688523,176.765214789508,278.959,358.04587,280.53644,358.09372,280.7464,358.11826,1.8597717,175.072172928067,178.66778014613
a23_s4_t1_color.avi,a23,s4,t1,261.028,245.03493,259.30878,245.90146,259.5505,246.23116,2.6737366,80.5006077688523,176.765214789508,278.959,358.04587,280.53644,358.09372,280.7464,358.11826,1.8597717,175.072172928067,178.66778014613
a12_s3_t4_color.avi,a12,s3,t4,300.97366,158.04947,303.0142,168.22102,303.32,207.03448,51.33136,169.107837555749,178.430912993485,322.0265,357.97485,326.1019,357.9071,329.10452,364.12094,13.224121,114.838183274225,178.688999447486
a12_s3_t4_color.avi,a12,s3,t4,300.97366,158.04947,303.0142,168.22102,303.32,207.03448,51.33136,169.107837555749,178.430912993485,322.0265,357.97485,326.1019,357.9071,329.10452,364.12094,13.224121,114.838183274225,178.688999447486
a24_s8_t3_color.avi,a24,s8,t3,325.9923,300.02203,323.45175,317.3265,341.16125,243.49551,71.695465,5.13623976399889,169.556986795573,319.06204,336.85266,320.44186,336.72052,322.48526,347.04388,13.614441,95.7259902548516,178.715289421658
a24_s8_t3_color.avi,a24,s8,t3,325.9923,300.02203,323.45175,317.3265,341.16125,243.49551,71.695465,5.13623976399889,169.556986795573,319.06204,336.85266,320.44186,336.72052,322.48526,347.04388,13.614441,95.7259902548516,178.715289421658
a12_s8_t1_color.avi,a12,s8,t1,302.05487,142.0068,305.29236,150.551,302.9699,182.17838,41.08661,155.047967902564,170.439009579334,276.1905,358.0062,272.7663,358.23962,249.39423,358.63126,27.421326,177.060067605373,178.724093261048
a12_s8_t1_color.avi,a12,s8,t1,302.05487,142.0068,305.29236,150.551,302.9699,182.17838,41.08661,155.047967902564,170.439009579334,276.1905,358.0062,272.7663,358.23962,249.39423,358.63126,27.421326,177.060067605373,178.724093261048
a12_s3_t2_color.avi,a12,s3,t2,300.91092,158.09402,303.53812,171.01703,302.5545,218.69742,62.24698,167.326786612387,179.523729964961,276.79865,357.96896,279.9721,357.87,269.92688,358.37015,7.272949,1.06425640197357,178.738875613486
a12_s3_t2_color.avi,a12,s3,t2,300.91092,158.09402,303.53812,171.01703,302.5545,218.69742,62.24698,167.326786612387,179.523729964961,276.79865,357.96896,279.9721,357.87,269.92688,358.37015,7.272949,1.06425640197357,178.738875613486
a23_s3_t1_color.avi,a23,s3,t1,300.94296,155.07774,301.29364,153.66255,300.44922,153.22276,2.3487244,103.593976291256,168.69006752598,320.95105,357.03683,323.50436,356.9443,322.748,356.84344,1.9903259,9.67081719698783,178.781124764869
a23_s3_t1_color.avi,a23,s3,t1,300.94296,155.07774,301.29364,153.66255,300.44922,153.22276,2.3487244,103.593976291256,168.69006752598,320.95105,357.03683,323.50436,356.9443,322.748,356.84344,1.9903259,9.67081719698783,178.781124764869
a22_s5_t2_color.avi,a22,s5,t2,261.08405,301.0551,258.31396,286.28778,253.38493,212.6108,96.14343,173.203252262371,139.606793272211,298.94858,348.02606,294.34125,354.42285,291.29697,356.39145,16.016998,158.652485881185,178.806452835088
a22_s5_t2_color.avi,a22,s5,t2,261.08405,301.0551,258.31396,286.28778,253.38493,212.6108,96.14343,173.203252262371,139.606793272211,298.94858,348.02606,294.34125,354.42285,291.29697,356.39145,16.016998,158.652485881185,178.806452835088
a17_s5_t2_color.avi,a17,s5,t2,284.8847,168.98659,269.3024,167.59363,249.69952,190.795,56.99359,125.08621557892,5.28093010869345,389.01236,236.99435,373.43274,243.41797,373.35544,243.44365,22.106216,175.970518259644,178.811977678571
a17_s5_t2_color.avi,a17,s5,t2,284.8847,168.98659,269.3024,167.59363,249.69952,190.795,56.99359,125.08621557892,5.28093010869345,389.01236,236.99435,373.43274,243.41797,373.35544,243.44365,22.106216,175.970518259644,178.811977678571
a5_s1_t2_color.avi,a5,s1,t2,387.9829,237.99168,370.8531,224.12845,346.71942,273.83905,77.110855,76.9124099174971,6.02013802881888,39.987812,172.01672,40.00701,171.99872,40.01144,172.00258,0.037773132,95.7607077576766,178.896265186547
a5_s1_t2_color.avi,a5,s1,t2,387.9829,237.99168,370.8531,224.12845,346.71942,273.83905,77.110855,76.9124099174971,6.02013802881888,39.987812,172.01672,40.00701,171.99872,40.01144,172.00258,0.037773132,95.7607077576766,178.896265186547
a3_s8_t3_color.avi,a3,s8,t3,388.00684,237.99483,356.9603,245.13747,341.55637,245.33206,53.787704,167.767615500556,3.22978846541735,40.021145,172.0144,40.033024,172.02222,39.98873,172.02182,0.039829254,32.8187317725702,178.898293884794
a3_s8_t3_color.avi,a3,s8,t3,388.00684,237.99483,356.9603,245.13747,341.55637,245.33206,53.787704,167.767615500556,3.22978846541735,40.021145,172.0144,40.033024,172.02222,39.98873,172.02182,0.039829254,32.8187317725702,178.898293884794
a12_s4_t3_color.avi,a12,s4,t3,317.08395,357.0304,320.21545,357.10138,314.71313,362.02335,7.3637695,43.1119924181834,177.563773824734,274.17325,357.99347,274.99466,358.38306,276.12552,357.7832,2.1625366,126.682178341784,178.911334476608
a12_s4_t3_color.avi,a12,s4,t3,317.08395,357.0304,320.21545,357.10138,314.71313,362.02335,7.3637695,43.1119924181834,177.563773824734,274.17325,357.99347,274.99466,358.38306,276.12552,357.7832,2.1625366,126.682178341784,178.911334476608
a12_s8_t2_color.avi,a12,s8,t2,329.98203,356.9936,333.40936,357.12198,326.97382,312.18463,47.81717,79.704712642859,177.495123100519,275.96637,357.9352,275.25528,358.00992,258.24792,358.8202,18.603424,176.730117710654,178.914376189853
a12_s8_t2_color.avi,a12,s8,t2,329.98203,356.9936,333.40936,357.12198,326.97382,312.18463,47.81717,79.704712642859,177.495123100519,275.96637,357.9352,275.25528,358.00992,258.24792,358.8202,18.603424,176.730117710654,178.914376189853
a15_s2_t1_color.avi,a15,s2,t1,293.0515,213.00381,296.82068,214.53479,285.85022,180.8813,39.323807,49.8387086108171,17.3677600683941,389.01233,238.00688,388.98492,237.98398,388.99628,238.0223,0.031463623,33.6085791356889,178.935766469704
a15_s2_t1_color.avi,a15,s2,t1,293.0515,213.00381,296.82068,214.53479,285.85022,180.8813,39.323807,49.8387086108171,17.3677600683941,389.01233,238.00688,388.98492,237.98398,388.99628,238.0223,0.031463623,33.6085791356889,178.935766469704
a12_s6_t1_color.avi,a12,s6,t1,287.3367,136.98439,310.61627,153.09508,292.40747,185.32857,53.414948,95.2230257059588,169.540996001569,288.0258,357.97638,292.58438,357.62897,282.91083,368.91306,16.051636,45.0362722651216,178.945389758984
a12_s6_t1_color.avi,a12,s6,t1,287.3367,136.98439,310.61627,153.09508,292.40747,185.32857,53.414948,95.2230257059588,169.540996001569,288.0258,357.97638,292.58438,357.62897,282.91083,368.91306,16.051636,45.0362722651216,178.945389758984
a24_s8_t1_color.avi,a24,s8,t1,272.0153,248.96907,271.90933,249.04594,262.28085,247.77663,10.92688,136.528454408035,179.800873024052,322.01932,339.98264,323.01904,339.53693,321.52313,347.44388,7.957428,55.2580459729503,178.954821475137
a24_s8_t1_color.avi,a24,s8,t1,272.0153,248.96907,271.90933,249.04594,262.28085,247.77663,10.92688,136.528454408035,179.800873024052,322.01932,339.98264,323.01904,339.53693,321.52313,347.44388,7.957428,55.2580459729503,178.954821475137
a27_s1_t3_color.avi,a27,s1,t3,287.0503,176.03253,288.06152,179.66756,290.19705,209.1046,36.218826,168.60321640199,170.62954207611,389.0161,236.99364,373.64713,243.84152,373.66257,243.78345,22.143356,51.0937305078893,178.960760787447
a27_s1_t3_color.avi,a27,s1,t3,287.0503,176.03253,288.06152,179.66756,290.19705,209.1046,36.218826,168.60321640199,170.62954207611,389.0161,236.99364,373.64713,243.84152,373.66257,243.78345,22.143356,51.0937305078893,178.960760787447
a9_s7_t4_color.avi,a9,s7,t4,389.02426,237.99533,389.0427,237.9696,328.8578,136.73788,161.42392,113.646239753454,17.4057926551961,47.005196,164.0216,47.00178,164.02225,47.026596,163.99924,0.043769836,32.2080999834269,178.994913994746
a9_s7_t4_color.avi,a9,s7,t4,389.02426,237.99533,389.0427,237.9696,328.8578,136.73788,161.42392,113.646239753454,17.4057926551961,47.005196,164.0216,47.00178,164.02225,47.026596,163.99924,0.043769836,32.2080999834269,178.994913994746
a26_s3_t4_color.avi,a26,s3,t4,326.0629,357.01062,330.01376,356.94662,332.72244,361.8642,11.513123,117.918709109388,177.320039205143,39.998302,170.97357,40.011185,170.9557,40.019558,170.95697,0.037857056,117.189328196796,178.994913994746
a26_s3_t4_color.avi,a26,s3,t4,326.0629,357.01062,330.01376,356.94662,332.72244,361.8642,11.513123,117.918709109388,177.320039205143,39.998302,170.97357,40.011185,170.9557,40.019558,170.95697,0.037857056,117.189328196796,178.994913994746
a7_s7_t3_color.avi,a7,s7,t3,328.87473,215.0571,326.98575,205.1534,317.3529,135.77446,90.80446,177.106040221026,154.981905726071,539.99945,134.01094,539.9961,133.97375,540.0229,133.9541,0.08027649,121.101105631137,179.020132586883
a7_s7_t3_color.avi,a7,s7,t3,328.87473,215.0571,326.98575,205.1534,317.3529,135.77446,90.80446,177.106040221026,154.981905726071,539.99945,134.01094,539.9961,133.97375,540.0229,133.9541,0.08027649,121.101105631137,179.020132586883
a15_s5_t2_color.avi,a15,s5,t2,280.92255,169.02264,291.69687,167.03317,272.02063,181.09885,20.978119,25.0975151746167,10.1722748762943,45.98714,163.04036,45.985023,163.05959,46.01512,163.0438,0.031414032,56.0292978920501,179.028978068921
a15_s5_t2_color.avi,a15,s5,t2,280.92255,169.02264,291.69687,167.03317,272.02063,181.09885,20.978119,25.0975151746167,10.1722748762943,45.98714,163.04036,45.985023,163.05959,46.01512,163.0438,0.031414032,56.0292978920501,179.028978068921
a12_s3_t3_color.avi,a12,s3,t3,302.93964,159.18082,306.06607,168.83572,305.21442,218.99745,62.091415,161.084424823995,174.950140286944,279.05923,358.0019,279.23148,357.962,270.13004,358.47092,9.398224,9.83793892627296,179.038235889265
a12_s3_t3_color.avi,a12,s3,t3,302.93964,159.18082,306.06607,168.83572,305.21442,218.99745,62.091415,161.084424823995,174.950140286944,279.05923,358.0019,279.23148,357.962,270.13004,358.47092,9.398224,9.83793892627296,179.038235889265
a14_s3_t1_color.avi,a14,s3,t1,388.97388,236.99196,388.9618,236.98457,336.48956,244.28111,59.773468,140.653921349538,11.270650134743,559.99286,112.03206,560.01587,112.02466,560.0319,112.010956,0.060165405,157.344252742878,179.060809054264
a14_s3_t1_color.avi,a14,s3,t1,388.97388,236.99196,388.9618,236.98457,336.48956,244.28111,59.773468,140.653921349538,11.270650134743,559.99286,112.03206,560.01587,112.02466,560.0319,112.010956,0.060165405,157.344252742878,179.060809054264
a15_s4_t2_color.avi,a15,s4,t2,389.01752,237.99673,388.41,242.42474,374.19647,249.22415,26.048462,123.377407681857,1.25805913548769,46.003,162.96782,45.99645,163.00208,45.99441,162.9863,0.027065277,18.1812429645105,179.075954647228
a15_s4_t2_color.avi,a15,s4,t2,389.01752,237.99673,388.41,242.42474,374.19647,249.22415,26.048462,123.377407681857,1.25805913548769,46.003,162.96782,45.99645,163.00208,45.99441,162.9863,0.027065277,18.1812429645105,179.075954647228
a12_s8_t3_color.avi,a12,s8,t3,331.14166,356.99017,332.04282,357.38873,332.41324,392.97922,37.26062,114.45501433422,174.078905949793,280.1313,358.00034,271.5308,359.1745,272.57968,358.67413,8.225403,17.7290686746306,179.07679257661
a12_s8_t3_color.avi,a12,s8,t3,331.14166,356.99017,332.04282,357.38873,332.41324,392.97922,37.26062,114.45501433422,174.078905949793,280.1313,358.00034,271.5308,359.1745,272.57968,358.67413,8.225403,17.7290686746306,179.07679257661
a15_s6_t3_color.avi,a15,s6,t3,388.98135,236.9855,319.11563,218.73225,330.2139,249.28621,71.06816,55.3952877815212,12.751830347898,559.9916,113.01594,560.011,112.98397,560.00574,112.997604,0.03249359,10.2076001496463,179.090619550801
a15_s6_t3_color.avi,a15,s6,t3,388.98135,236.9855,319.11563,218.73225,330.2139,249.28621,71.06816,55.3952877815212,12.751830347898,559.9916,113.01594,560.011,112.98397,560.00574,112.997604,0.03249359,10.2076001496463,179.090619550801
a7_s7_t2_color.avi,a7,s7,t2,326.94263,213.98543,326.44714,196.11264,332.95477,187.23245,32.76512,142.177088347403,59.9927921656795,47.015366,164.01672,47.020008,163.97412,47.000313,163.96257,0.06920624,114.171701260132,179.090619550801
a7_s7_t2_color.avi,a7,s7,t2,326.94263,213.98543,326.44714,196.11264,332.95477,187.23245,32.76512,142.177088347403,59.9927921656795,47.015366,164.01672,47.020008,163.97412,47.000313,163.96257,0.06920624,114.171701260132,179.090619550801
a14_s1_t2_color.avi,a14,s1,t2,388.98074,236.99753,342.9849,173.24474,321.36572,174.10828,130.50427,123.522027231608,69.848585923425,46.010906,163.0069,45.98091,163.00569,45.97118,163.00989,0.04271698,154.37274563623,179.090619550801
a14_s1_t2_color.avi,a14,s1,t2,388.98074,236.99753,342.9849,173.24474,321.36572,174.10828,130.50427,123.522027231608,69.848585923425,46.010906,163.0069,45.98091,163.00569,45.97118,163.00989,0.04271698,154.37274563623,179.090619550801
a20_s5_t3_color.avi,a20,s5,t3,389.01138,236.98921,361.2311,244.01332,363.2536,244.07529,32.843857,15.9444864865071,161.775837142474,39.96567,171.02235,39.989704,171.02646,40.00426,171.01775,0.04319763,139.405873290619,179.131948550255
a20_s5_t3_color.avi,a20,s5,t3,389.01138,236.98921,361.2311,244.01332,363.2536,244.07529,32.843857,15.9444864865071,161.775837142474,39.96567,171.02235,39.989704,171.02646,40.00426,171.01775,0.04319763,139.405873290619,179.131948550255
a12_s3_t1_color.avi,a12,s3,t1,315.05194,358.04874,321.0761,357.93774,322.2218,357.90027,7.318329,179.182272637003,174.825476409189,273.05777,357.97595,279.03363,357.81573,278.88687,358.13043,5.9835815,63.4622381752156,179.166608793901
a12_s3_t1_color.avi,a12,s3,t1,315.05194,358.04874,321.0761,357.93774,322.2218,357.90027,7.318329,179.182272637003,174.825476409189,273.05777,357.97595,279.03363,357.81573,278.88687,358.13043,5.9835815,63.4622381752156,179.166608793901
a4_s4_t4_color.avi,a4,s4,t4,389.0232,238.00792,346.67392,244.35878,348.05994,235.11859,43.852585,72.9405627123171,145.573303016729,47.02071,164.01317,46.998528,164.00105,47.004986,163.9855,0.043388367,96.0862505740851,179.215175397008
a4_s4_t4_color.avi,a4,s4,t4,389.0232,238.00792,346.67392,244.35878,348.05994,235.11859,43.852585,72.9405627123171,145.573303016729,47.02071,164.01317,46.998528,164.00105,47.004986,163.9855,0.043388367,96.0862505740851,179.215175397008
a10_s5_t2_color.avi,a10,s5,t2,278.0588,170.01518,277.3935,171.13332,261.75153,186.45938,32.75148,165.169109113548,97.5742235291655,539.007,113.99113,539.01764,113.993965,539.0438,114.02211,0.06778717,147.895224442358,179.225779835072
a10_s5_t2_color.avi,a10,s5,t2,278.0588,170.01518,277.3935,171.13332,261.75153,186.45938,32.75148,165.169109113548,97.5742235291655,539.007,113.99113,539.01764,113.993965,539.0438,114.02211,0.06778717,147.895224442358,179.225779835072
a27_s6_t4_color.avi,a27,s6,t4,274.4235,106.08133,278.04257,106.24137,285.76584,186.63757,91.89859,98.0193508438002,31.0922706978559,388.9913,236.96939,398.0552,241.10315,398.03125,241.2566,13.327164,105.643385400033,179.232515519778
a27_s6_t4_color.avi,a27,s6,t4,274.4235,106.08133,278.04257,106.24137,285.76584,186.63757,91.89859,98.0193508438002,31.0922706978559,388.9913,236.96939,398.0552,241.10315,398.03125,241.2566,13.327164,105.643385400033,179.232515519778
a3_s3_t3_color.avi,a3,s3,t3,388.95352,237.00569,372.46942,243.78632,347.7147,244.9115,49.144638,160.242998659086,7.67090543248206,560.0239,111.98885,560.0053,111.99404,559.98755,112.01771,0.06523132,142.460168896641,179.235625836815
a3_s3_t3_color.avi,a3,s3,t3,388.95352,237.00569,372.46942,243.78632,347.7147,244.9115,49.144638,160.242998659086,7.67090543248206,560.0239,111.98885,560.0053,111.99404,559.98755,112.01771,0.06523132,142.460168896641,179.235625836815
a4_s4_t2_color.avi,a4,s4,t2,387.98132,237.96994,346.57068,248.2637,351.2511,247.92096,46.681244,9.77129981720063,28.6228033914631,40.03797,172.01515,39.97214,172.02084,39.98259,171.99646,0.07407379,61.8632838858884,179.240267217071
a4_s4_t2_color.avi,a4,s4,t2,387.98132,237.96994,346.57068,248.2637,351.2511,247.92096,46.681244,9.77129981720063,28.6228033914631,40.03797,172.01515,39.97214,172.02084,39.98259,171.99646,0.07407379,61.8632838858884,179.240267217071
a12_s5_t3_color.avi,a12,s5,t3,287.00943,171.02946,303.49872,170.20668,290.95618,171.3724,4.289688,2.45341228325355,174.161552015717,539.97406,134.0174,540.0238,133.9991,540.0117,133.99252,0.06253052,48.7477637959411,179.256661263817
a12_s5_t3_color.avi,a12,s5,t3,287.00943,171.02946,303.49872,170.20668,290.95618,171.3724,4.289688,2.45341228325355,174.161552015717,539.97406,134.0174,540.0238,133.9991,540.0117,133.99252,0.06253052,48.7477637959411,179.256661263817
a17_s8_t3_color.avi,a17,s8,t3,389.00674,237.99178,389.02594,237.98465,347.69196,169.04094,110.265625,79.4220922625822,6.38708466485381,45.998184,162.99774,46.00351,163.01794,45.99181,163.0513,0.05993271,145.904444447083,179.257419568011
a17_s8_t3_color.avi,a17,s8,t3,389.00674,237.99178,389.02594,237.98465,347.69196,169.04094,110.265625,79.4220922625822,6.38708466485381,45.998184,162.99774,46.00351,163.01794,45.99181,163.0513,0.05993271,145.904444447083,179.257419568011
a17_s3_t4_color.avi,a17,s3,t4,389.0099,236.99968,370.91885,243.92313,338.60007,257.59155,71.00169,178.016998831212,4.11781260455154,560.0008,111.99984,559.99963,111.99397,560.0016,112.03567,0.036621094,8.49893687659142,179.260653370401
a17_s3_t4_color.avi,a17,s3,t4,389.0099,236.99968,370.91885,243.92313,338.60007,257.59155,71.00169,178.016998831212,4.11781260455154,560.0008,111.99984,559.99963,111.99397,560.0016,112.03567,0.036621094,8.49893687659142,179.260653370401
a27_s8_t3_color.avi,a27,s8,t3,388.99854,237.01067,389.00684,237.00519,362.39175,245.50652,35.10263,15.707462304385,1.52470233154878,45.989857,163.03207,45.993282,163.00455,46.015076,162.98732,0.06997299,135.419329631642,179.317939606827
a27_s8_t3_color.avi,a27,s8,t3,388.99854,237.01067,389.00684,237.00519,362.39175,245.50652,35.10263,15.707462304385,1.52470233154878,45.989857,163.03207,45.993282,163.00455,46.015076,162.98732,0.06997299,135.419329631642,179.317939606827
a24_s8_t2_color.avi,a24,s8,t2,326.9902,303.01364,338.27786,310.71118,342.13928,243.5797,74.58302,59.0002796820096,172.363517181017,272.00516,249.0096,271.93744,249.03351,261.61005,248.31917,11.085541,156.595724369985,179.319295663685
a24_s8_t2_color.avi,a24,s8,t2,326.9902,303.01364,338.27786,310.71118,342.13928,243.5797,74.58302,59.0002796820096,172.363517181017,272.00516,249.0096,271.93744,249.03351,261.61005,248.31917,11.085541,156.595724369985,179.319295663685
a12_s4_t4_color.avi,a12,s4,t4,315.08755,358.01733,318.61844,358.07684,311.1967,337.27725,24.63095,69.3969110767496,177.705544738918,272.18195,358.00717,275.81943,358.14136,271.90207,357.99872,0.28833008,0.023317735045499,179.367693046048
a12_s4_t4_color.avi,a12,s4,t4,315.08755,358.01733,318.61844,358.07684,311.1967,337.27725,24.63095,69.3969110767496,177.705544738918,272.18195,358.00717,275.81943,358.14136,271.90207,357.99872,0.28833008,0.023317735045499,179.367693046048
a12_s4_t1_color.avi,a12,s4,t1,301.98557,159.97594,306.7075,173.21408,303.4511,188.00688,29.49649,147.954476477875,178.08020399595,324.98544,356.99155,324.36475,357.1821,328.45142,361.3611,7.835541,62.7063933019806,179.431397835811
a12_s4_t1_color.avi,a12,s4,t1,301.98557,159.97594,306.7075,173.21408,303.4511,188.00688,29.49649,147.954476477875,178.08020399595,324.98544,356.99155,324.36475,357.1821,328.45142,361.3611,7.835541,62.7063933019806,179.431397835811
a2_s5_t3_color.avi,a2,s5,t3,389.01324,238.03217,389.03268,238.04027,359.34888,258.67273,50.30493,57.4284321198908,2.1331344488546,40.022255,171.98378,39.99627,171.98848,39.99436,172.00652,0.050628662,106.288305978601,179.432331128044
a2_s5_t3_color.avi,a2,s5,t3,389.01324,238.03217,389.03268,238.04027,359.34888,258.67273,50.30493,57.4284321198908,2.1331344488546,40.022255,171.98378,39.99627,171.98848,39.99436,172.00652,0.050628662,106.288305978601,179.432331128044
a21_s8_t2_color.avi,a21,s8,t2,389.00723,237.97714,389.03604,237.98473,335.7379,218.21304,73.03342,5.60501712524406,176.482468089714,39.97943,172.0102,40.00034,172.00505,40.021072,171.93443,0.11740112,120.179014764727,179.440559078407
a21_s8_t2_color.avi,a21,s8,t2,389.00723,237.97714,389.03604,237.98473,335.7379,218.21304,73.03342,5.60501712524406,176.482468089714,39.97943,172.0102,40.00034,172.00505,40.021072,171.93443,0.11740112,120.179014764727,179.440559078407
a26_s5_t4_color.avi,a26,s5,t4,290.23984,172.98033,296.9749,178.13008,287.89203,196.148,25.515472,100.649306079614,177.194696171032,540.0164,134.01431,540.0086,134.02435,539.9543,134.00162,0.0748291,105.175810821887,179.443747772919
a26_s5_t4_color.avi,a26,s5,t4,290.23984,172.98033,296.9749,178.13008,287.89203,196.148,25.515472,100.649306079614,177.194696171032,540.0164,134.01431,540.0086,134.02435,539.9543,134.00162,0.0748291,105.175810821887,179.443747772919
a25_s8_t4_color.avi,a25,s8,t4,315.9614,135.96472,317.41974,226.54678,314.60703,217.57382,82.96347,16.482043784978,27.2034221447108,344.8593,282.97614,338.4666,305.58478,333.8646,323.52826,51.546844,178.596313458913,179.471975238535
a25_s8_t4_color.avi,a25,s8,t4,315.9614,135.96472,317.41974,226.54678,314.60703,217.57382,82.96347,16.482043784978,27.2034221447108,344.8593,282.97614,338.4666,305.58478,333.8646,323.52826,51.546844,178.596313458913,179.471975238535
a12_s5_t1_color.avi,a12,s5,t1,278.5521,172.97847,298.81058,173.379,300.0303,170.49803,23.958649,111.813901864233,176.968111902138,539.0156,113.9882,539.0049,114.01892,539.0472,113.98312,0.036628723,30.4864149745728,179.489340554562
a12_s5_t1_color.avi,a12,s5,t1,278.5521,172.97847,298.81058,173.379,300.0303,170.49803,23.958649,111.813901864233,176.968111902138,539.0156,113.9882,539.0049,114.01892,539.0472,113.98312,0.036628723,30.4864149745728,179.489340554562
a22_s8_t3_color.avi,a22,s8,t3,309.9375,349.84778,314.78012,338.40378,317.18243,334.205,22.887726,173.160267502752,160.583128274736,540.01746,133.99141,540.0063,133.99423,540.02057,134.03278,0.04447937,83.8514844084002,179.497418333278
a22_s8_t3_color.avi,a22,s8,t3,309.9375,349.84778,314.78012,338.40378,317.18243,334.205,22.887726,173.160267502752,160.583128274736,540.01746,133.99141,540.0063,133.99423,540.02057,134.03278,0.04447937,83.8514844084002,179.497418333278
a23_s4_t3_color.avi,a23,s4,t3,304.15598,341.05667,302.7567,340.4192,301.74765,342.435,3.7866516,92.0981461054196,174.371153927778,278.06903,358.05655,276.56744,358.1276,276.5146,358.20123,1.6991272,128.378807337304,179.497418333279
a23_s4_t3_color.avi,a23,s4,t3,304.15598,341.05667,302.7567,340.4192,301.74765,342.435,3.7866516,92.0981461054196,174.371153927778,278.06903,358.05655,276.56744,358.1276,276.5146,358.20123,1.6991272,128.378807337304,179.497418333279
a18_s8_t2_color.avi,a18,s8,t2,388.9894,237.98885,389.0765,237.93793,373.64948,207.51573,45.81305,93.4218570049673,169.186122486375,40.023262,170.99188,39.989246,171.00848,39.998627,171.014,0.04676056,56.5070015585195,179.506083101381
a18_s8_t2_color.avi,a18,s8,t2,388.9894,237.98885,389.0765,237.93793,373.64948,207.51573,45.81305,93.4218570049673,169.186122486375,40.023262,170.99188,39.989246,171.00848,39.998627,171.014,0.04676056,56.5070015585195,179.506083101381
a6_s5_t3_color.avi,a6,s5,t3,279.92517,170.03542,277.04266,161.15509,279.79666,171.63428,1.7273712,3.25847831238714,47.8914769192793,559.9901,112.999435,560.02045,113.01323,560.0131,113.01787,0.04144287,56.8000834062909,179.526491941265
a6_s5_t3_color.avi,a6,s5,t3,279.92517,170.03542,277.04266,161.15509,279.79666,171.63428,1.7273712,3.25847831238714,47.8914769192793,559.9901,112.999435,560.02045,113.01323,560.0131,113.01787,0.04144287,56.8000834062909,179.526491941265
a19_s6_t1_color.avi,a19,s6,t1,318.97998,106.00795,317.547,106.036736,315.41873,107.495766,5.0490646,146.718251422372,6.57516970197401,40.014122,171.01154,40.02532,170.9793,39.98437,170.98814,0.053142548,58.6541243131566,179.545281138306
a19_s6_t1_color.avi,a19,s6,t1,318.97998,106.00795,317.547,106.036736,315.41873,107.495766,5.0490646,146.718251422372,6.57516970197401,40.014122,171.01154,40.02532,170.9793,39.98437,170.98814,0.053142548,58.6541243131566,179.545281138306
a6_s2_t4_color.avi,a6,s2,t4,320.01865,212.98038,320.3568,211.00249,311.3092,213.91904,9.648102,62.4307607970175,2.98193828463249,389.01617,237.96867,389.02072,237.99796,389.03802,238.01659,0.06976318,145.942611445083,179.545281138308
a6_s2_t4_color.avi,a6,s2,t4,320.01865,212.98038,320.3568,211.00249,311.3092,213.91904,9.648102,62.4307607970175,2.98193828463249,389.01617,237.96867,389.02072,237.99796,389.03802,238.01659,0.06976318,145.942611445083,179.545281138308
a8_s8_t3_color.avi,a8,s8,t3,388.98602,237.98853,328.1594,191.63152,372.7343,251.3432,29.606384,15.9469346664442,10.2157712405661,46.99559,163.96544,46.968662,163.9649,46.959244,164.01898,0.08988953,98.7437751458526,179.559271927239
a8_s8_t3_color.avi,a8,s8,t3,388.98602,237.98853,328.1594,191.63152,372.7343,251.3432,29.606384,15.9469346664442,10.2157712405661,46.99559,163.96544,46.968662,163.9649,46.959244,164.01898,0.08988953,98.7437751458526,179.559271927239
a14_s8_t1_color.avi,a14,s8,t1,389.0156,238.0145,392.27048,205.4149,347.6272,248.57297,51.94687,40.2673435813186,130.829595849089,560.01984,113.00565,560.0178,112.98529,559.9962,113.027954,0.045921326,32.5083244478876,179.565949367861
a14_s8_t1_color.avi,a14,s8,t1,389.0156,238.0145,392.27048,205.4149,347.6272,248.57297,51.94687,40.2673435813186,130.829595849089,560.01984,113.00565,560.0178,112.98529,559.9962,113.027954,0.045921326,32.5083244478876,179.565949367861
a7_s7_t4_color.avi,a7,s7,t4,330.92645,213.99544,327.18668,190.92424,310.69873,111.82306,122.4001,177.433207188887,164.891482954976,47.00557,164.03851,47.00422,164.01144,47.046772,163.9455,0.13422012,144.312099058407,179.565949367862
a7_s7_t4_color.avi,a7,s7,t4,330.92645,213.99544,327.18668,190.92424,310.69873,111.82306,122.4001,177.433207188887,164.891482954976,47.00557,164.03851,47.00422,164.01144,47.046772,163.9455,0.13422012,144.312099058407,179.565949367862
a7_s6_t4_color.avi,a7,s6,t4,320.96277,105.99977,318.90723,106.70191,304.87534,182.83612,92.92378,119.302051687597,32.7703090074511,389.0195,238.01341,389.03198,237.9847,388.99228,238.0048,0.035827637,39.6443754494147,179.578417473973
a7_s6_t4_color.avi,a7,s6,t4,320.96277,105.99977,318.90723,106.70191,304.87534,182.83612,92.92378,119.302051687597,32.7703090074511,389.0195,238.01341,389.03198,237.9847,388.99228,238.0048,0.035827637,39.6443754494147,179.578417473973
a12_s7_t2_color.avi,a12,s7,t2,319.235,210.9549,327.7667,216.93704,286.66373,220.48105,42.097412,39.9648570408408,156.713328375899,323.07513,356.9828,323.15793,357.14886,337.88208,361.04803,18.872192,131.329930059299,179.58372032779
a12_s7_t2_color.avi,a12,s7,t2,319.235,210.9549,327.7667,216.93704,286.66373,220.48105,42.097412,39.9648570408408,156.713328375899,323.07513,356.9828,323.15793,357.14886,337.88208,361.04803,18.872192,131.329930059299,179.58372032779
a8_s1_t3_color.avi,a8,s1,t3,388.96353,236.9834,357.59872,243.63712,397.3302,230.6406,14.709473,6.13624085781382,0.551732760077424,560.00995,112.992615,559.9937,112.996994,559.9926,113.0079,0.03261566,110.849778485842,179.596515264942
a8_s1_t3_color.avi,a8,s1,t3,388.96353,236.9834,357.59872,243.63712,397.3302,230.6406,14.709473,6.13624085781382,0.551732760077424,560.00995,112.992615,559.9937,112.996994,559.9926,113.0079,0.03261566,110.849778485842,179.596515264942
a15_s3_t1_color.avi,a15,s3,t1,388.96988,237.02434,363.45526,243.88124,342.1281,258.80408,68.621506,160.061594876883,1.80297264021168,560.0041,111.98112,560.0259,112.015495,560.02905,112.002205,0.046051025,45.7984335264278,179.639653936613
a15_s3_t1_color.avi,a15,s3,t1,388.96988,237.02434,363.45526,243.88124,342.1281,258.80408,68.621506,160.061594876883,1.80297264021168,560.0041,111.98112,560.0259,112.015495,560.02905,112.002205,0.046051025,45.7984335264278,179.639653936613
a4_s4_t1_color.avi,a4,s4,t1,389.0301,237.98137,370.29828,245.2725,368.84216,245.30106,27.507614,159.855320548359,3.75509664902621,560.0077,113.006035,559.9833,113.007996,559.9578,112.985565,0.07033539,134.018723056389,179.639653936614
a4_s4_t1_color.avi,a4,s4,t1,389.0301,237.98137,370.29828,245.2725,368.84216,245.30106,27.507614,159.855320548359,3.75509664902621,560.0077,113.006035,559.9833,113.007996,559.9578,112.985565,0.07033539,134.018723056389,179.639653936614
a17_s3_t2_color.avi,a17,s3,t2,388.98328,236.96884,336.94174,182.98694,293.43793,160.60645,171.90775,161.175045412705,55.7190857172531,559.97034,112.006645,560.0113,111.98697,560.00653,111.96649,0.07634735,102.573350008661,179.639878215832
a17_s3_t2_color.avi,a17,s3,t2,388.98328,236.96884,336.94174,182.98694,293.43793,160.60645,171.90775,161.175045412705,55.7190857172531,559.97034,112.006645,560.0113,111.98697,560.00653,111.96649,0.07634735,102.573350008661,179.639878215832
a9_s5_t3_color.avi,a9,s5,t3,389.0272,238.02776,389.0202,238.00366,370.61673,244.1329,24.51561,87.754931806453,178.194765399831,46.001396,162.99121,45.967308,163.05827,45.9795,163.03732,0.06800842,3.25225013159649,179.646326840753
a9_s5_t3_color.avi,a9,s5,t3,389.0272,238.02776,389.0202,238.00366,370.61673,244.1329,24.51561,87.754931806453,178.194765399831,46.001396,162.99121,45.967308,163.05827,45.9795,163.03732,0.06800842,3.25225013159649,179.646326840753
a9_s3_t2_color.avi,a9,s3,t2,388.97693,237.00322,388.9756,236.99155,252.39406,219.31677,154.26932,103.935611580969,12.8375500692269,560.02136,112.01527,560.0369,111.99775,560.0542,111.97802,0.07008362,179.58046147127,179.666888756078
a9_s3_t2_color.avi,a9,s3,t2,388.97693,237.00322,388.9756,236.99155,252.39406,219.31677,154.26932,103.935611580969,12.8375500692269,560.02136,112.01527,560.0369,111.99775,560.0542,111.97802,0.07008362,179.58046147127,179.666888756078
a8_s3_t1_color.avi,a8,s3,t1,274.97708,357.99326,275.2408,357.96326,273.71384,357.97083,1.285675,6.20534834747235,11.3099324740202,45.980316,162.9757,46.01107,163.01361,46.027023,163.00899,0.08000183,112.882046502978,179.666888756079
a8_s3_t1_color.avi,a8,s3,t1,274.97708,357.99326,275.2408,357.96326,273.71384,357.97083,1.285675,6.20534834747235,11.3099324740202,45.980316,162.9757,46.01107,163.01361,46.027023,163.00899,0.08000183,112.882046502978,179.666888756079
a20_s7_t3_color.avi,a20,s7,t3,322.00812,217.98128,299.22836,163.02022,302.90747,166.68428,70.397644,22.6048046452817,10.2308964242039,39.968956,172.01239,40.002922,171.98083,40.03435,171.9696,0.108181,156.770353522687,179.670619610439
a20_s7_t3_color.avi,a20,s7,t3,322.00812,217.98128,299.22836,163.02022,302.90747,166.68428,70.397644,22.6048046452817,10.2308964242039,39.968956,172.01239,40.002922,171.98083,40.03435,171.9696,0.108181,156.770353522687,179.670619610439
a14_s8_t2_color.avi,a14,s8,t2,388.96957,237.99544,384.47003,203.44196,348.24823,203.29134,75.425446,97.6575361289456,170.557195726164,46.990044,163.9977,46.98676,164.03343,46.970768,164.03583,0.05740738,103.771295132144,179.686911424979
a14_s8_t2_color.avi,a14,s8,t2,388.96957,237.99544,384.47003,203.44196,348.24823,203.29134,75.425446,97.6575361289456,170.557195726164,46.990044,163.9977,46.98676,164.03343,46.970768,164.03583,0.05740738,103.771295132144,179.686911424979
a1_s4_t4_color.avi,a1,s4,t4,388.98392,237.99763,308.2091,143.4769,308.21698,143.53363,175.23094,32.6150028123458,140.549219455641,40.00413,171.98045,39.997078,172.0012,39.979374,172.01866,0.06296539,153.368314324231,179.696525428014
a1_s4_t4_color.avi,a1,s4,t4,388.98392,237.99763,308.2091,143.4769,308.21698,143.53363,175.23094,32.6150028123458,140.549219455641,40.00413,171.98045,39.997078,172.0012,39.979374,172.01866,0.06296539,153.368314324231,179.696525428014
a7_s5_t2_color.avi,a7,s5,t2,280.01105,168.96361,277.29166,164.02599,276.65848,168.2794,4.0367737,37.3108089845116,150.78402829667,540.015,134.02214,539.99664,134.03485,539.9807,134.08203,0.094192505,143.334852301235,179.707677130771
a7_s5_t2_color.avi,a7,s5,t2,280.01105,168.96361,277.29166,164.02599,276.65848,168.2794,4.0367737,37.3108089845116,150.78402829667,540.015,134.02214,539.99664,134.03485,539.9807,134.08203,0.094192505,143.334852301235,179.707677130771
a15_s8_t4_color.avi,a15,s8,t4,389.00003,237.965,389.6323,189.87413,361.03375,246.95004,36.951324,25.8604416951108,6.22944261031139,45.997597,163.02647,46.01878,163.00943,46.01536,162.99019,0.054050446,118.747740388061,179.712083933442
a15_s8_t4_color.avi,a15,s8,t4,389.00003,237.965,389.6323,189.87413,361.03375,246.95004,36.951324,25.8604416951108,6.22944261031139,45.997597,163.02647,46.01878,163.00943,46.01536,162.99019,0.054050446,118.747740388061,179.712083933442
a17_s6_t1_color.avi,a17,s6,t1,388.97562,237.01299,377.81802,188.32352,319.58676,103.86855,202.5333,158.320883566525,10.4975617766523,559.97784,112.9953,559.9817,113.00215,560.0226,113.010445,0.059883118,130.767223336844,179.727165016933
a17_s6_t1_color.avi,a17,s6,t1,388.97562,237.01299,377.81802,188.32352,319.58676,103.86855,202.5333,158.320883566525,10.4975617766523,559.97784,112.9953,559.9817,113.00215,560.0226,113.010445,0.059883118,130.767223336844,179.727165016933
a9_s3_t3_color.avi,a9,s3,t3,388.97043,237.00548,389.00934,236.98897,385.93323,229.90074,10.141937,89.532555986905,176.291643177228,560.01624,111.9967,560.02704,112.01652,560.00183,112.02717,0.0448761,84.3130263361643,179.728458054315
a9_s3_t3_color.avi,a9,s3,t3,388.97043,237.00548,389.00934,236.98897,385.93323,229.90074,10.141937,89.532555986905,176.291643177228,560.01624,111.9967,560.02704,112.01652,560.00183,112.02717,0.0448761,84.3130263361643,179.728458054315
a8_s8_t4_color.avi,a8,s8,t4,387.98843,238.00316,339.74246,245.38129,340.08282,245.64313,55.545578,46.2658047913732,7.94626573738893,559.99243,113.0177,559.9912,112.9679,560.0143,113.00593,0.03362274,29.8426859983969,179.745353767728
a8_s8_t4_color.avi,a8,s8,t4,387.98843,238.00316,339.74246,245.38129,340.08282,245.64313,55.545578,46.2658047913732,7.94626573738893,559.99243,113.0177,559.9912,112.9679,560.0143,113.00593,0.03362274,29.8426859983969,179.745353767728
a19_s8_t1_color.avi,a19,s8,t1,388.9632,237.0243,398.16086,214.41042,391.4777,206.95108,32.587723,116.008490495783,173.846204322323,40.030006,171.9977,40.00981,171.98802,39.984634,171.97563,0.06743622,179.393175330147,179.745353767728
a19_s8_t1_color.avi,a19,s8,t1,388.9632,237.0243,398.16086,214.41042,391.4777,206.95108,32.587723,116.008490495783,173.846204322323,40.030006,171.9977,40.00981,171.98802,39.984634,171.97563,0.06743622,179.393175330147,179.745353767728
a9_s1_t3_color.avi,a9,s1,t3,388.98355,236.98099,388.93674,236.99751,353.75485,247.03545,45.283157,176.481329756751,2.69416746759815,40.963684,172.007,40.96582,171.98575,40.941673,171.98575,0.043266296,84.2609015019104,179.753036962574
a9_s1_t3_color.avi,a9,s1,t3,388.98355,236.98099,388.93674,236.99751,353.75485,247.03545,45.283157,176.481329756751,2.69416746759815,40.963684,172.007,40.96582,171.98575,40.941673,171.98575,0.043266296,84.2609015019104,179.753036962574
a14_s3_t3_color.avi,a14,s3,t3,389.00504,237.02861,389.13965,231.23344,267.6026,234.43015,124.0009,87.1626817376547,17.9136202767133,40.008297,170.98961,40.010105,171.02135,39.97921,171.01338,0.05286026,72.2827174428039,179.753036962574
a14_s3_t3_color.avi,a14,s3,t3,389.00504,237.02861,389.13965,231.23344,267.6026,234.43015,124.0009,87.1626817376547,17.9136202767133,40.008297,170.98961,40.010105,171.02135,39.97921,171.01338,0.05286026,72.2827174428039,179.753036962574
a7_s5_t1_color.avi,a7,s5,t1,279.92514,170.01297,276.78406,165.17574,277.23715,167.1468,5.5541534,20.0520659991352,15.0900118817834,593.9658,178.98975,594.04626,179.03358,594.0654,179.05884,0.16870117,155.783687792901,179.756189643896
a7_s5_t1_color.avi,a7,s5,t1,279.92514,170.01297,276.78406,165.17574,277.23715,167.1468,5.5541534,20.0520659991352,15.0900118817834,593.9658,178.98975,594.04626,179.03358,594.0654,179.05884,0.16870117,155.783687792901,179.756189643896
a20_s5_t2_color.avi,a20,s5,t2,389.00974,236.99571,360.3745,244.16508,363.99686,244.21901,32.236176,14.909020086046,163.592529973861,559.974,112.990585,560.0083,112.97186,560.0284,112.94536,0.099609375,155.775120787846,179.756189643896
a20_s5_t2_color.avi,a20,s5,t2,389.00974,236.99571,360.3745,244.16508,363.99686,244.21901,32.236176,14.909020086046,163.592529973861,559.974,112.990585,560.0083,112.97186,560.0284,112.94536,0.099609375,155.775120787846,179.756189643896
a11_s7_t3_color.avi,a11,s7,t3,261.02673,248.98096,260.62836,249.22595,259.00635,249.91061,2.9500427,171.29409629105,45,388.96478,237.98903,388.9699,238.00928,388.98816,238.03009,0.064437866,152.963472323285,179.759262847279
a11_s7_t3_color.avi,a11,s7,t3,261.02673,248.98096,260.62836,249.22595,259.00635,249.91061,2.9500427,171.29409629105,45,388.96478,237.98903,388.9699,238.00928,388.98816,238.03009,0.064437866,152.963472323285,179.759262847279
a17_s8_t2_color.avi,a17,s8,t2,389.00183,237.00745,390.301,236.49785,337.4755,198.29997,90.23381,57.2881407388877,3.05926808170813,40.015118,171.0007,39.977547,171.02005,39.94869,171.00067,0.066459656,118.870719736505,179.760270103919
a17_s8_t2_color.avi,a17,s8,t2,389.00183,237.00745,390.301,236.49785,337.4755,198.29997,90.23381,57.2881407388877,3.05926808170813,40.015118,171.0007,39.977547,171.02005,39.94869,171.00067,0.066459656,118.870719736505,179.760270103919
a7_s1_t2_color.avi,a7,s1,t2,284.90625,176.9062,284.6404,174.34143,281.56146,179.6914,6.1299896,35.8383064846915,154.442255763837,593.9924,178.98991,594.0071,178.98409,594.03455,178.96054,0.07154846,161.012801509313,179.773535647661
a7_s1_t2_color.avi,a7,s1,t2,284.90625,176.9062,284.6404,174.34143,281.56146,179.6914,6.1299896,35.8383064846915,154.442255763837,593.9924,178.98991,594.0071,178.98409,594.03455,178.96054,0.07154846,161.012801509313,179.773535647661
a12_s6_t2_color.avi,a12,s6,t2,283.63214,130.09888,303.4718,137.59012,299.54388,239.9829,125.79576,108.489133306487,35.857262635675,46.003956,163.02536,45.996807,163.00768,45.975155,163.05765,0.061088562,45.4361649877078,179.781314880577
a12_s6_t2_color.avi,a12,s6,t2,283.63214,130.09888,303.4718,137.59012,299.54388,239.9829,125.79576,108.489133306487,35.857262635675,46.003956,163.02536,45.996807,163.00768,45.975155,163.05765,0.061088562,45.4361649877078,179.781314880577
a3_s4_t1_color.avi,a3,s4,t1,388.956,237.98495,309.7395,147.77614,309.75015,147.29927,169.89153,137.432691401362,34.3792123241805,40.99178,172.00185,41.009033,171.99582,41.004974,171.9917,0.023342133,64.6831910066817,179.785410068871
a3_s4_t1_color.avi,a3,s4,t1,388.956,237.98495,309.7395,147.77614,309.75015,147.29927,169.89153,137.432691401362,34.3792123241805,40.99178,172.00185,41.009033,171.99582,41.004974,171.9917,0.023342133,64.6831910066817,179.785410068871
a12_s7_t4_color.avi,a12,s7,t4,301.04694,358.00003,300.16058,356.88126,275.68237,304.2688,79.095795,166.562300852286,175.443713665825,388.9745,237.99736,389.0237,238.00075,389.04086,238.01474,0.08375549,144.727838316539,179.78857741896
a12_s7_t4_color.avi,a12,s7,t4,301.04694,358.00003,300.16058,356.88126,275.68237,304.2688,79.095795,166.562300852286,175.443713665825,388.9745,237.99736,389.0237,238.00075,389.04086,238.01474,0.08375549,144.727838316539,179.78857741896
a12_s2_t1_color.avi,a12,s2,t1,297.00534,359.0202,306.08136,371.66885,312.54318,364.2302,20.747833,76.6414954329527,176.378298773502,41.01127,172.02579,41.019516,171.98994,41.024414,171.99268,0.04625702,73.8126386715784,179.793156929224
a12_s2_t1_color.avi,a12,s2,t1,297.00534,359.0202,306.08136,371.66885,312.54318,364.2302,20.747833,76.6414954329527,176.378298773502,41.01127,172.02579,41.019516,171.98994,41.024414,171.99268,0.04625702,73.8126386715784,179.793156929224
a8_s7_t2_color.avi,a8,s7,t2,389.0062,237.97931,306.34894,161.43242,305.92117,162.20045,158.86388,76.3140087406023,61.8239456011998,46.997635,164.04831,47.011024,163.98888,47.007217,163.9951,0.06278992,18.750468292608,179.797542257779
a8_s7_t2_color.avi,a8,s7,t2,389.0062,237.97931,306.34894,161.43242,305.92117,162.20045,158.86388,76.3140087406023,61.8239456011998,46.997635,164.04831,47.011024,163.98888,47.007217,163.9951,0.06278992,18.750468292608,179.797542257779
a17_s6_t3_color.avi,a17,s6,t3,389.01334,237.00574,368.18472,166.67915,309.76938,150.8042,165.4455,121.701221190158,9.94140178867197,559.9912,113.0066,560.0027,112.99797,560.0234,112.97871,0.060058594,173.987989442271,179.806433913737
a17_s6_t3_color.avi,a17,s6,t3,389.01334,237.00574,368.18472,166.67915,309.76938,150.8042,165.4455,121.701221190158,9.94140178867197,559.9912,113.0066,560.0027,112.99797,560.0234,112.97871,0.060058594,173.987989442271,179.806433913737
a10_s3_t1_color.avi,a10,s3,t1,389.00867,237.00755,321.93765,223.91273,323.25085,121.86291,180.90247,100.310096905653,40.2054379068144,39.990406,171.02751,40.017117,170.99292,40.011063,171.00397,0.044200897,8.95144982772489,179.806433913737
a10_s3_t1_color.avi,a10,s3,t1,389.00867,237.00755,321.93765,223.91273,323.25085,121.86291,180.90247,100.310096905653,40.2054379068144,39.990406,171.02751,40.017117,170.99292,40.011063,171.00397,0.044200897,8.95144982772489,179.806433913737
a3_s5_t1_color.avi,a3,s5,t1,389.0202,237.97804,388.77206,245.2465,388.7739,245.28297,7.551239,175.170354451176,179.238639108469,41.018078,171.99216,40.99899,172.01616,40.997513,172.04608,0.07448959,144.329440315745,179.809649273373
a3_s5_t1_color.avi,a3,s5,t1,389.0202,237.97804,388.77206,245.2465,388.7739,245.28297,7.551239,175.170354451176,179.238639108469,41.018078,171.99216,40.99899,172.01616,40.997513,172.04608,0.07448959,144.329440315745,179.809649273373
a21_s3_t2_color.avi,a21,s3,t2,388.9908,237.0056,388.9945,237.04585,368.77936,243.54881,26.75467,102.590907327829,175.027641607599,39.972534,170.99136,40.030914,170.9674,40.0269,170.98695,0.058776855,56.0871137843517,179.81152772087
a21_s3_t2_color.avi,a21,s3,t2,388.9908,237.0056,388.9945,237.04585,368.77936,243.54881,26.75467,102.590907327829,175.027641607599,39.972534,170.99136,40.030914,170.9674,40.0269,170.98695,0.058776855,56.0871137843517,179.81152772087
a13_s8_t2_color.avi,a13,s8,t2,389.00958,237.98665,389.01935,237.98119,412.11844,243.54745,28.669662,137.229978643159,173.085628227848,47.004,163.98546,46.992203,164.02412,46.983414,164.01384,0.04896927,57.4867467649193,179.845146918904
a13_s8_t2_color.avi,a13,s8,t2,389.00958,237.98665,389.01935,237.98119,412.11844,243.54745,28.669662,137.229978643159,173.085628227848,47.004,163.98546,46.992203,164.02412,46.983414,164.01384,0.04896927,57.4867467649193,179.845146918904
a18_s8_t1_color.avi,a18,s8,t1,389.01297,237.97354,390.30817,237.48984,380.67175,223.23264,23.082123,76.4239503230796,6.16457032715018,46.01997,162.99603,46.016228,162.95206,45.995655,162.99039,0.029960632,33.0875019443077,179.850011391014
a18_s8_t1_color.avi,a18,s8,t1,389.01297,237.97354,390.30817,237.48984,380.67175,223.23264,23.082123,76.4239503230796,6.16457032715018,46.01997,162.99603,46.016228,162.95206,45.995655,162.99039,0.029960632,33.0875019443077,179.850011391014
a15_s3_t3_color.avi,a15,s3,t3,389.00314,237.02448,392.52643,232.20969,392.52396,232.19159,8.353699,136.026608032002,178.6497755303,46.021465,162.97784,46.04257,162.99593,45.997097,162.99406,0.04058838,38.2467007995178,179.851565670124
a15_s3_t3_color.avi,a15,s3,t3,389.00314,237.02448,392.52643,232.20969,392.52396,232.19159,8.353699,136.026608032002,178.6497755303,46.021465,162.97784,46.04257,162.99593,45.997097,162.99406,0.04058838,38.2467007995178,179.851565670124
a13_s6_t2_color.avi,a13,s6,t2,389.0213,237.02881,366.31552,243.71404,364.3834,243.84082,31.44992,167.348416501396,49.0686059712432,560.0219,113.00325,559.99426,113.011345,559.9876,112.999146,0.038406372,102.286968614303,179.853463799004
a13_s6_t2_color.avi,a13,s6,t2,389.0213,237.02881,366.31552,243.71404,364.3834,243.84082,31.44992,167.348416501396,49.0686059712432,560.0219,113.00325,559.99426,113.011345,559.9876,112.999146,0.038406372,102.286968614303,179.853463799004
a17_s8_t4_color.avi,a17,s8,t4,389.00186,238.0132,389.0409,238.02686,334.49112,195.05022,97.473724,18.9484822235555,175.867128908539,560.01764,113.04033,560.0031,113.01894,559.9819,113.01791,0.058189392,126.983886631987,179.857827141643
a17_s8_t4_color.avi,a17,s8,t4,389.00186,238.0132,389.0409,238.02686,334.49112,195.05022,97.473724,18.9484822235555,175.867128908539,560.01764,113.04033,560.0031,113.01894,559.9819,113.01791,0.058189392,126.983886631987,179.857827141643
a9_s5_t2_color.avi,a9,s5,t2,279.98648,169.95087,278.7664,169.9075,278.6161,170.281,1.700531,109.884368524217,0.65106038022977,45.969402,176.07732,46.020016,176.02641,46.02018,176.00139,0.12670517,135.539194081625,179.862929018646
a9_s5_t2_color.avi,a9,s5,t2,279.98648,169.95087,278.7664,169.9075,278.6161,170.281,1.700531,109.884368524217,0.65106038022977,45.969402,176.07732,46.020016,176.02641,46.02018,176.00139,0.12670517,135.539194081625,179.862929018646
a26_s8_t2_color.avi,a26,s8,t2,288.06354,357.9549,281.08356,358.03552,274.10608,357.1512,14.761139,172.115162132214,179.690592709939,336.00415,357.00323,339.2861,356.96292,349.0224,356.37466,13.64682,177.246107980429,179.88312053584
a26_s8_t2_color.avi,a26,s8,t2,288.06354,357.9549,281.08356,358.03552,274.10608,357.1512,14.761139,172.115162132214,179.690592709939,336.00415,357.00323,339.2861,356.96292,349.0224,356.37466,13.64682,177.246107980429,179.88312053584
a12_s5_t4_color.avi,a12,s5,t4,286.04343,170.95068,304.323,173.7389,295.44315,172.79457,11.243607,2.60215656221982,172.012702713399,539.98303,134.01993,539.97626,134.00237,539.9881,133.97368,0.051315308,136.476634761794,179.927289658939
a12_s5_t4_color.avi,a12,s5,t4,286.04343,170.95068,304.323,173.7389,295.44315,172.79457,11.243607,2.60215656221982,172.012702713399,539.98303,134.01993,539.97626,134.00237,539.9881,133.97368,0.051315308,136.476634761794,179.927289658939
a26_s8_t3_color.avi,a26,s8,t3,293.00488,357.97916,284.70422,358.09146,272.262,357.32742,21.394623,175.710881104445,179.622048721543,338.01913,357.009,340.55353,356.96164,349.50034,356.90775,11.5824585,179.274227899568,179.976744201306
a26_s8_t3_color.avi,a26,s8,t3,293.00488,357.97916,284.70422,358.09146,272.262,357.32742,21.394623,175.710881104445,179.622048721543,338.01913,357.009,340.55353,356.96164,349.50034,356.90775,11.5824585,179.274227899568,179.976744201306
a13_s8_t4_color.avi,a13,s8,t4,388.99545,237.9767,388.9967,237.9928,356.09088,247.19908,42.126953,101.185997439736,1.29071210694803,45.98924,162.99269,45.99561,163.00998,45.97029,163.0232,0.04944992,97.3326972302136,180
a13_s8_t4_color.avi,a13,s8,t4,388.99545,237.9767,388.9967,237.9928,356.09088,247.19908,42.126953,101.185997439736,1.29071210694803,45.98924,162.99269,45.99561,163.00998,45.97029,163.0232,0.04944992,97.3326972302136,180
a13_s1_t3_color.avi,a13,s1,t3,388.9863,236.97964,382.32486,241.78423,375.4063,244.59355,21.193893,166.298826199481,1.7315625329252,45.996777,162.97137,45.990856,162.9733,45.9751,163.02185,0.072151184,125.968090454594,180
a13_s1_t3_color.avi,a13,s1,t3,388.9863,236.97964,382.32486,241.78423,375.4063,244.59355,21.193893,166.298826199481,1.7315625329252,45.996777,162.97137,45.990856,162.9733,45.9751,163.02185,0.072151184,125.968090454594,180
a2_s5_t4_color.avi,a2,s5,t4,388.9925,238.02597,389.00937,238.00636,352.66403,250.94583,49.24832,29.6849447854332,2.49180162957478,39.97656,172.02928,39.984497,172.00891,39.997665,172.0005,0.049884796,143.847911046127,180
a2_s5_t4_color.avi,a2,s5,t4,388.9925,238.02597,389.00937,238.00636,352.66403,250.94583,49.24832,29.6849447854332,2.49180162957478,39.97656,172.02928,39.984497,172.00891,39.997665,172.0005,0.049884796,143.847911046127,180
a4_s6_t4_color.avi,a4,s6,t4,319.0117,106.011215,318.00854,106.07216,317.56635,106.08108,1.5152054,177.678895339961,3.01278750418329,45.96588,163.0001,45.952946,163.0451,45.952225,163.06232,0.0758667,166.360258337999,180
a4_s6_t4_color.avi,a4,s6,t4,319.0117,106.011215,318.00854,106.07216,317.56635,106.08108,1.5152054,177.678895339961,3.01278750418329,45.96588,163.0001,45.952946,163.0451,45.952225,163.06232,0.0758667,166.360258337999,180
a1_s8_t3_color.avi,a1,s8,t3,301.01553,142.03433,301.17532,141.50995,301.07654,141.76302,0.33232117,4.37629837179101,3.17983011986416,296.02496,357.99084,296.28128,357.90408,296.13327,357.90195,0.19720459,19.5274575429837,180
a1_s8_t3_color.avi,a1,s8,t3,301.01553,142.03433,301.17532,141.50995,301.07654,141.76302,0.33232117,4.37629837179101,3.17983011986416,296.02496,357.99084,296.28128,357.90408,296.13327,357.90195,0.19720459,19.5274575429837,180
a16_s3_t3_color.avi,a16,s3,t3,301.07532,153.99818,301.21594,154.03566,301.01297,153.69397,0.3665619,44.3664993225192,3.45951440925998,327.03882,356.99838,327.5297,357.03082,326.75452,356.96924,0.31344604,0.761757157230412,180
a16_s3_t3_color.avi,a16,s3,t3,301.07532,153.99818,301.21594,154.03566,301.01297,153.69397,0.3665619,44.3664993225192,3.45951440925998,327.03882,356.99838,327.5297,357.03082,326.75452,356.96924,0.31344604,0.761757157230412,180
a17_s5_t4_color.avi,a17,s5,t4,388.9749,237.00398,375.63037,226.7228,343.1618,241.84933,50.658463,117.407859505547,3.81278433100828,46.021145,163.02708,46.007202,163.00583,46.00415,163.04703,0.036937714,37.4996008007521,180
a17_s5_t4_color.avi,a17,s5,t4,388.9749,237.00398,375.63037,226.7228,343.1618,241.84933,50.658463,117.407859505547,3.81278433100828,46.021145,163.02708,46.007202,163.00583,46.00415,163.04703,0.036937714,37.4996008007521,180
a3_s6_t2_color.avi,a3,s6,t2,389.00317,236.96062,367.74078,243.68236,369.32843,243.83148,26.545609,22.9093698830511,4.10708374634022,46.007854,163.02922,46.005802,163.02812,46.000225,162.98206,0.05479431,125.063864412438,180
a3_s6_t2_color.avi,a3,s6,t2,389.00317,236.96062,367.74078,243.68236,369.32843,243.83148,26.545609,22.9093698830511,4.10708374634022,46.007854,163.02922,46.005802,163.02812,46.000225,162.98206,0.05479431,125.063864412438,180
a10_s3_t4_color.avi,a10,s3,t4,389.0078,237.02,373.43393,246.44923,342.54227,246.84225,56.287796,149.536039879073,4.64107647920528,38.99475,171.00107,38.971466,171.0173,38.958977,171.01352,0.048225403,128.257496233532,180
a10_s3_t4_color.avi,a10,s3,t4,389.0078,237.02,373.43393,246.44923,342.54227,246.84225,56.287796,149.536039879073,4.64107647920528,38.99475,171.00107,38.971466,171.0173,38.958977,171.01352,0.048225403,128.257496233532,180
a14_s3_t2_color.avi,a14,s3,t2,389.03415,237.05066,350.46246,202.70526,371.14154,245.86154,26.703491,22.7149544541262,4.68923709060719,45.970165,163.01688,45.98315,163.03677,45.99424,163.04602,0.05321884,162.95177688468,180
a14_s3_t2_color.avi,a14,s3,t2,389.03415,237.05066,350.46246,202.70526,371.14154,245.86154,26.703491,22.7149544541262,4.68923709060719,45.970165,163.01688,45.98315,163.03677,45.99424,163.04602,0.05321884,162.95177688468,180
a3_s4_t2_color.avi,a3,s4,t2,388.0023,238.02135,371.02985,244.60977,361.11417,251.49603,40.36281,166.436105744679,4.69668525751719,46.974968,164.00447,46.97673,164.02109,46.98213,164.043,0.04568863,172.21527418167,180
a3_s4_t2_color.avi,a3,s4,t2,388.0023,238.02135,371.02985,244.60977,361.11417,251.49603,40.36281,166.436105744679,4.69668525751719,46.974968,164.00447,46.97673,164.02109,46.98213,164.043,0.04568863,172.21527418167,180
a11_s5_t2_color.avi,a11,s5,t2,278.94516,170.00063,276.32083,173.77432,267.49582,178.60072,20.049438,153.490032394135,4.94826824490073,389.02582,238.04736,388.97754,238.01205,388.9831,238.04521,0.0448761,44.3106783405017,180
a11_s5_t2_color.avi,a11,s5,t2,278.94516,170.00063,276.32083,173.77432,267.49582,178.60072,20.049438,153.490032394135,4.94826824490073,389.02582,238.04736,388.97754,238.01205,388.9831,238.04521,0.0448761,44.3106783405017,180
a9_s3_t4_color.avi,a9,s3,t4,388.99057,236.99933,388.99228,237.00731,349.926,205.55278,70.51112,39.073169649587,6.38172235044513,40.020737,170.98709,40.01396,171.0033,40.00023,171.01836,0.05177307,160.328533727007,180
a9_s3_t4_color.avi,a9,s3,t4,388.99057,236.99933,388.99228,237.00731,349.926,205.55278,70.51112,39.073169649587,6.38172235044513,40.020737,170.98709,40.01396,171.0033,40.00023,171.01836,0.05177307,160.328533727007,180
a7_s6_t2_color.avi,a7,s6,t2,321.0328,106.00503,341.38474,107.78253,343.64407,160.21066,76.8169,97.4590311263042,6.70918408090353,45.997402,162.9289,45.970116,162.96481,45.979855,162.9675,0.056152344,68.1937662046561,180
a7_s6_t2_color.avi,a7,s6,t2,321.0328,106.00503,341.38474,107.78253,343.64407,160.21066,76.8169,97.4590311263042,6.70918408090353,45.997402,162.9289,45.970116,162.96481,45.979855,162.9675,0.056152344,68.1937662046561,180
a9_s4_t1_color.avi,a9,s4,t1,389.02145,238.00482,388.96616,237.97804,333.18814,300.97116,118.79965,105.684085980283,7.93631832644373,560.0095,113.00126,560.0102,112.98774,560.0237,113.00308,0.015983582,44.1638435178248,180
a9_s4_t1_color.avi,a9,s4,t1,389.02145,238.00482,388.96616,237.97804,333.18814,300.97116,118.79965,105.684085980283,7.93631832644373,560.0095,113.00126,560.0102,112.98774,560.0237,113.00308,0.015983582,44.1638435178248,180
a11_s4_t2_color.avi,a11,s4,t2,388.01492,238.0084,388.04944,237.99818,341.9634,189.6099,94.45003,62.895160186983,8.07712636221146,40.94058,171.98112,40.98001,171.96173,40.95958,171.99771,0.03558731,34.2206065013173,180
a11_s4_t2_color.avi,a11,s4,t2,388.01492,238.0084,388.04944,237.99818,341.9634,189.6099,94.45003,62.895160186983,8.07712636221146,40.94058,171.98112,40.98001,171.96173,40.95958,171.99771,0.03558731,34.2206065013173,180
a19_s1_t4_color.avi,a19,s1,t4,285.0604,177.98312,282.3149,181.26762,283.0031,179.02562,3.0997772,22.8276293541365,9.19934208808257,389.00983,236.97743,389.00156,237.01178,388.99875,237.02882,0.062469482,175.81607025175,180
a19_s1_t4_color.avi,a19,s1,t4,285.0604,177.98312,282.3149,181.26762,283.0031,179.02562,3.0997772,22.8276293541365,9.19934208808257,389.00983,236.97743,389.00156,237.01178,388.99875,237.02882,0.062469482,175.81607025175,180
a6_s7_t1_color.avi,a6,s7,t1,260.95004,248.97296,267.753,242.52332,258.99207,251.85255,4.83757,3.32648919336949,9.74412886918669,302.9441,359.02963,302.50983,359.0283,303.87842,359.02548,0.93847656,0.294224179513359,180
a6_s7_t1_color.avi,a6,s7,t1,260.95004,248.97296,267.753,242.52332,258.99207,251.85255,4.83757,3.32648919336949,9.74412886918669,302.9441,359.02963,302.50983,359.0283,303.87842,359.02548,0.93847656,0.294224179513359,180
a15_s8_t2_color.avi,a15,s8,t2,388.9945,238.02228,348.71295,247.19032,333.72974,246.69182,63.93431,165.272391259476,10.2419888842223,559.9845,113.02287,559.9898,113.03279,559.9672,113.035576,0.029975891,68.8657907545481,180
a15_s8_t2_color.avi,a15,s8,t2,388.9945,238.02228,348.71295,247.19032,333.72974,246.69182,63.93431,165.272391259476,10.2419888842223,559.9845,113.02287,559.9898,113.03279,559.9672,113.035576,0.029975891,68.8657907545481,180
a22_s8_t2_color.avi,a22,s8,t2,311.0907,350.0076,312.2622,338.3422,312.2855,335.5924,15.609985,174.750432534461,10.9403227950816,45.984344,163.00854,45.980522,162.97266,45.9898,162.95003,0.06397247,151.627990305343,180
a22_s8_t2_color.avi,a22,s8,t2,311.0907,350.0076,312.2622,338.3422,312.2855,335.5924,15.609985,174.750432534461,10.9403227950816,45.984344,163.00854,45.980522,162.97266,45.9898,162.95003,0.06397247,151.627990305343,180
a14_s1_t3_color.avi,a14,s1,t3,389.00052,237.01459,361.48538,184.61818,343.68042,202.2368,80.097885,73.0068841240335,12.0996866758449,45.974907,162.99915,45.99125,163.01309,45.991226,162.9711,0.04436493,49.491061748884,180
a14_s1_t3_color.avi,a14,s1,t3,389.00052,237.01459,361.48538,184.61818,343.68042,202.2368,80.097885,73.0068841240335,12.0996866758449,45.974907,162.99915,45.99125,163.01309,45.991226,162.9711,0.04436493,49.491061748884,180
a15_s6_t4_color.avi,a15,s6,t4,389.0059,237.05618,389.03494,237.03291,332.6421,235.2163,58.20369,40.5378872685553,12.2539046860782,559.9924,112.98824,559.9931,112.98503,559.982,113.00917,0.031303406,11.8653641927177,180
a15_s6_t4_color.avi,a15,s6,t4,389.0059,237.05618,389.03494,237.03291,332.6421,235.2163,58.20369,40.5378872685553,12.2539046860782,559.9924,112.98824,559.9931,112.98503,559.982,113.00917,0.031303406,11.8653641927177,180
a17_s1_t1_color.avi,a17,s1,t1,389.014,237.0143,348.5586,189.8743,308.86984,169.24197,147.91649,158.103913276807,12.6525265755631,45.994377,162.9902,45.954643,162.98688,45.96028,162.95241,0.071891785,85.4960011386561,180
a17_s1_t1_color.avi,a17,s1,t1,389.014,237.0143,348.5586,189.8743,308.86984,169.24197,147.91649,158.103913276807,12.6525265755631,45.994377,162.9902,45.954643,162.98688,45.96028,162.95241,0.071891785,85.4960011386561,180
a14_s7_t1_color.avi,a14,s7,t1,389.0197,238.00587,322.7351,210.42636,316.56302,197.81816,112.64441,138.674208348396,22.7828097989385,560.0013,112.96381,560.01166,112.97029,560.0155,113.00148,0.051887512,129.003474244166,180
a14_s7_t1_color.avi,a14,s7,t1,389.0197,238.00587,322.7351,210.42636,316.56302,197.81816,112.64441,138.674208348396,22.7828097989385,560.0013,112.96381,560.01166,112.97029,560.0155,113.00148,0.051887512,129.003474244166,180
a3_s7_t2_color.avi,a3,s7,t2,389.01907,237.99352,350.7797,183.10576,352.0405,259.86023,58.84529,33.923197713705,30.6025592106124,39.984364,171.964,39.986103,171.98544,39.991497,171.99007,0.033195496,135.240042940872,180
a3_s7_t2_color.avi,a3,s7,t2,389.01907,237.99352,350.7797,183.10576,352.0405,259.86023,58.84529,33.923197713705,30.6025592106124,39.984364,171.964,39.986103,171.98544,39.991497,171.99007,0.033195496,135.240042940872,180
a16_s4_t3_color.avi,a16,s4,t3,344.07635,251.04788,332.12482,247.92653,332.4525,293.64313,54.219086,74.9524550791369,38.4882737137457,327.00534,356.96213,327.59152,356.97708,327.39767,356.9567,0.3977661,4.54205741743193,180
a16_s4_t3_color.avi,a16,s4,t3,344.07635,251.04788,332.12482,247.92653,332.4525,293.64313,54.219086,74.9524550791369,38.4882737137457,327.00534,356.96213,327.59152,356.97708,327.39767,356.9567,0.3977661,4.54205741743193,180
a8_s4_t4_color.avi,a8,s4,t4,389.00037,238.01448,346.16592,245.74846,345.6859,301.53412,106.83409,100.727771527674,48.1441754617749,39.976337,172.01447,39.969097,172.01498,39.957275,172.04533,0.049930573,115.3802650756,180
a8_s4_t4_color.avi,a8,s4,t4,389.00037,238.01448,346.16592,245.74846,345.6859,301.53412,106.83409,100.727771527674,48.1441754617749,39.976337,172.01447,39.969097,172.01498,39.957275,172.04533,0.049930573,115.3802650756,180
a19_s3_t4_color.avi,a19,s3,t4,330.99026,324.03003,331.40286,289.45947,330.6648,288.70737,35.648132,134.855942340297,48.3664606634298,300.99976,154.0138,301.13257,154.2335,301.93732,154.93303,1.8567963,162.151043281593,180
a19_s3_t4_color.avi,a19,s3,t4,330.99026,324.03003,331.40286,289.45947,330.6648,288.70737,35.648132,134.855942340297,48.3664606634298,300.99976,154.0138,301.13257,154.2335,301.93732,154.93303,1.8567963,162.151043281593,180
a10_s7_t1_color.avi,a10,s7,t1,389.0012,238.02376,302.68314,159.04054,295.36496,163.41438,168.2456,106.675281308415,69.2443402011109,46.975357,163.97444,47.000286,163.95258,47.00848,163.93604,0.07152939,157.607990218832,180
a10_s7_t1_color.avi,a10,s7,t1,389.0012,238.02376,302.68314,159.04054,295.36496,163.41438,168.2456,106.675281308415,69.2443402011109,46.975357,163.97444,47.000286,163.95258,47.00848,163.93604,0.07152939,157.607990218832,180
a12_s6_t3_color.avi,a12,s6,t3,283.45377,131.15353,300.83508,144.3088,287.7754,216.48631,89.6544,116.864672634384,110.539784706851,42.99674,177.00125,43.010494,176.9685,43.000336,176.97052,0.03432846,55.9987721056157,180
a12_s6_t3_color.avi,a12,s6,t3,283.45377,131.15353,300.83508,144.3088,287.7754,216.48631,89.6544,116.864672634384,110.539784706851,42.99674,177.00125,43.010494,176.9685,43.000336,176.97052,0.03432846,55.9987721056157,180
a15_s8_t1_color.avi,a15,s8,t1,388.97647,238.01701,407.06516,193.90886,308.68372,237.73537,80.5744,43.6897456992483,124.905008623987,559.9975,113.031265,559.98755,113.031845,559.9878,113.01706,0.023910522,85.7184743848941,180
a15_s8_t1_color.avi,a15,s8,t1,388.97647,238.01701,407.06516,193.90886,308.68372,237.73537,80.5744,43.6897456992483,124.905008623987,559.9975,113.031265,559.98755,113.031845,559.9878,113.01706,0.023910522,85.7184743848941,180
a14_s1_t4_color.avi,a14,s1,t4,389.02097,236.97923,351.8475,186.77757,336.89954,247.04771,62.18991,50.4485222350958,125.517789737384,559.9677,112.969345,559.9746,112.96682,559.99225,112.98927,0.04446411,108.04270042237,180
a14_s1_t4_color.avi,a14,s1,t4,389.02097,236.97923,351.8475,186.77757,336.89954,247.04771,62.18991,50.4485222350958,125.517789737384,559.9677,112.969345,559.9746,112.96682,559.99225,112.98927,0.04446411,108.04270042237,180
a14_s1_t1_color.avi,a14,s1,t1,388.98087,236.99898,336.62848,177.36464,318.84552,181.12355,126.01077,119.344241445759,130.829643052479,559.0144,113.01277,558.99774,113.009575,559.0113,112.99847,0.017417908,50.2058053578437,180
a14_s1_t1_color.avi,a14,s1,t1,388.98087,236.99898,336.62848,177.36464,318.84552,181.12355,126.01077,119.344241445759,130.829643052479,559.0144,113.01277,558.99774,113.009575,559.0113,112.99847,0.017417908,50.2058053578437,180
a20_s5_t4_color.avi,a20,s5,t4,279.92932,170.00151,275.6632,173.91054,278.31412,172.31697,3.930664,11.4872017939207,148.145960757545,540.02527,133.98262,540.0484,133.95158,540.0587,133.94183,0.07423401,170.086546348194,180
a20_s5_t4_color.avi,a20,s5,t4,279.92932,170.00151,275.6632,173.91054,278.31412,172.31697,3.930664,11.4872017939207,148.145960757545,540.02527,133.98262,540.0484,133.95158,540.0587,133.94183,0.07423401,170.086546348194,180
a19_s6_t2_color.avi,a19,s6,t2,389.02942,237.0163,346.68314,244.24474,349.16754,244.14671,46.992294,7.42748930332335,154.978944223717,559.01074,113.011215,559.04065,113.02765,559.0286,113.00379,0.025306702,34.4636672297784,180
a19_s6_t2_color.avi,a19,s6,t2,389.02942,237.0163,346.68314,244.24474,349.16754,244.14671,46.992294,7.42748930332335,154.978944223717,559.01074,113.011215,559.04065,113.02765,559.0286,113.00379,0.025306702,34.4636672297784,180
a7_s5_t4_color.avi,a7,s5,t4,280.0909,168.95523,277.57614,161.33505,276.05667,169.3812,4.460205,28.9577040841658,155.174451675473,561.9644,136.99614,561.9922,136.9757,561.9903,136.97957,0.04244995,27.6160111707842,180
a7_s5_t4_color.avi,a7,s5,t4,280.0909,168.95523,277.57614,161.33505,276.05667,169.3812,4.460205,28.9577040841658,155.174451675473,561.9644,136.99614,561.9922,136.9757,561.9903,136.97957,0.04244995,27.6160111707842,180
a20_s7_t4_color.avi,a20,s7,t4,321.91376,217.01717,321.25372,190.74606,327.8249,194.45656,28.47174,59.1089945144081,159.16005951257,389.0217,237.97818,389.0244,237.98035,388.9955,237.95818,0.046188354,1.08725556618965,180
a20_s7_t4_color.avi,a20,s7,t4,321.91376,217.01717,321.25372,190.74606,327.8249,194.45656,28.47174,59.1089945144081,159.16005951257,389.0217,237.97818,389.0244,237.98035,388.9955,237.95818,0.046188354,1.08725556618965,180
a4_s5_t4_color.avi,a4,s5,t4,388.9709,237.97859,366.7804,244.94144,401.0054,243.81406,17.86998,15.5339604881892,159.204636595514,46.991127,163.95827,47.033905,163.94536,46.997585,163.98898,0.037174225,33.429037351322,180
a4_s5_t4_color.avi,a4,s5,t4,388.9709,237.97859,366.7804,244.94144,401.0054,243.81406,17.86998,15.5339604881892,159.204636595514,46.991127,163.95827,47.033905,163.94536,46.997585,163.98898,0.037174225,33.429037351322,180
a8_s4_t2_color.avi,a8,s4,t2,388.97034,237.97702,326.23853,197.61227,323.59335,201.84764,101.50636,89.2273524417479,159.564197481934,39.98798,172.00952,39.988697,172.01471,39.96059,172.04315,0.061019897,127.469702133367,180
a8_s4_t2_color.avi,a8,s4,t2,388.97034,237.97702,326.23853,197.61227,323.59335,201.84764,101.50636,89.2273524417479,159.564197481934,39.98798,172.00952,39.988697,172.01471,39.96059,172.04315,0.061019897,127.469702133367,180
a15_s2_t3_color.avi,a15,s2,t3,284.99277,210.98842,286.44376,209.90413,308.2622,208.68199,25.575867,146.436123309366,165.884574577771,40.009544,170.97949,40.016956,170.98062,40.00121,171.01268,0.04152298,72.5019149674165,180
a15_s2_t3_color.avi,a15,s2,t3,284.99277,210.98842,286.44376,209.90413,308.2622,208.68199,25.575867,146.436123309366,165.884574577771,40.009544,170.97949,40.016956,170.98062,40.00121,171.01268,0.04152298,72.5019149674165,180
a17_s6_t4_color.avi,a17,s6,t4,388.9862,236.99838,364.74255,202.24197,359.90286,92.962944,173.11877,147.63888199899,166.643573098787,39.9806,170.98608,39.991547,170.97578,39.98673,170.94737,0.044841766,123.627421489199,180
a17_s6_t4_color.avi,a17,s6,t4,388.9862,236.99838,364.74255,202.24197,359.90286,92.962944,173.11877,147.63888199899,166.643573098787,39.9806,170.98608,39.991547,170.97578,39.98673,170.94737,0.044841766,123.627421489199,180
a7_s5_t3_color.avi,a7,s5,t3,278.0677,169.03307,279.33966,166.18779,274.00485,167.42204,5.6738586,52.8864349813811,168.145121630396,594.005,178.98996,594.0775,179.01985,594.069,179.03217,0.106170654,77.6459128327097,180
a7_s5_t3_color.avi,a7,s5,t3,278.0677,169.03307,279.33966,166.18779,274.00485,167.42204,5.6738586,52.8864349813811,168.145121630396,594.005,178.98996,594.0775,179.01985,594.069,179.03217,0.106170654,77.6459128327097,180
a22_s1_t1_color.avi,a22,s1,t1,286.852,176.88156,285.15457,176.57567,270.50937,177.33762,16.798676,166.806078563167,168.368232090218,388.9504,237.02354,389.00317,237.04819,388.99576,237.06223,0.08403015,87.188384376597,180
a22_s1_t1_color.avi,a22,s1,t1,286.852,176.88156,285.15457,176.57567,270.50937,177.33762,16.798676,166.806078563167,168.368232090218,388.9504,237.02354,389.00317,237.04819,388.99576,237.06223,0.08403015,87.188384376597,180
a6_s5_t2_color.avi,a6,s5,t2,279.97446,170.07797,279.96213,166.40588,281.00302,172.37148,3.3220673,9.70510125141152,168.650867612504,539.97485,133.95657,539.96936,133.99368,539.99866,133.99503,0.06225586,84.2040816905219,180
a6_s5_t2_color.avi,a6,s5,t2,279.97446,170.07797,279.96213,166.40588,281.00302,172.37148,3.3220673,9.70510125141152,168.650867612504,539.97485,133.95657,539.96936,133.99368,539.99866,133.99503,0.06225586,84.2040816905219,180
a12_s1_t4_color.avi,a12,s1,t4,302.00638,179.88562,322.85638,192.87585,318.0944,211.81064,48.01303,107.807448894353,168.744431777789,559.9885,113.005104,559.9675,112.99833,559.975,112.97156,0.047096252,92.3400844041366,180
a12_s1_t4_color.avi,a12,s1,t4,302.00638,179.88562,322.85638,192.87585,318.0944,211.81064,48.01303,107.807448894353,168.744431777789,559.9885,113.005104,559.9675,112.99833,559.975,112.97156,0.047096252,92.3400844041366,180
a19_s7_t3_color.avi,a19,s7,t3,323.0211,216.99794,310.88113,210.69046,311.76407,214.86897,13.385986,50.6139522677836,170.479797855015,389.00037,237.97095,388.98178,237.97942,388.95032,237.9947,0.07380676,178.580310171473,180
a19_s7_t3_color.avi,a19,s7,t3,323.0211,216.99794,310.88113,210.69046,311.76407,214.86897,13.385986,50.6139522677836,170.479797855015,389.00037,237.97095,388.98178,237.97942,388.95032,237.9947,0.07380676,178.580310171473,180
a19_s5_t1_color.avi,a19,s5,t1,388.98782,236.99977,377.34998,242.47505,377.53543,242.07983,16.532455,39.6660918101972,170.925414114403,560.00507,112.99713,560.0115,112.98744,560.01965,112.97453,0.03718567,178.87576921126,180
a19_s5_t1_color.avi,a19,s5,t1,388.98782,236.99977,377.34998,242.47505,377.53543,242.07983,16.532455,39.6660918101972,170.925414114403,560.00507,112.99713,560.0115,112.98744,560.01965,112.97453,0.03718567,178.87576921126,180
a24_s6_t4_color.avi,a24,s6,t4,302.01263,198.0254,301.88498,217.61293,308.08246,96.30731,107.78792,2.5512810079228,171.612718279397,46.022194,163.03601,46.017662,163.0074,46.02363,162.95789,0.079559326,164.128508947381,180
a24_s6_t4_color.avi,a24,s6,t4,302.01263,198.0254,301.88498,217.61293,308.08246,96.30731,107.78792,2.5512810079228,171.612718279397,46.022194,163.03601,46.017662,163.0074,46.02363,162.95789,0.079559326,164.128508947381,180
a26_s1_t3_color.avi,a26,s1,t3,291.1654,178.05727,294.13895,185.8094,306.02393,140.65724,52.258545,35.7325926975921,171.921440858193,389.00232,237.02489,389.01093,237.00986,389.02676,237.06834,0.06790161,44.9475878432189,180
a26_s1_t3_color.avi,a26,s1,t3,291.1654,178.05727,294.13895,185.8094,306.02393,140.65724,52.258545,35.7325926975921,171.921440858193,389.00232,237.02489,389.01093,237.00986,389.02676,237.06834,0.06790161,44.9475878432189,180
a18_s4_t4_color.avi,a18,s4,t4,389.0066,237.99019,388.9903,237.99207,363.90787,244.50934,31.617874,172.004420288927,172.017951615763,46.003292,163.01358,46.001553,163.00578,46.014343,162.99567,0.028964996,115.765366456965,180
a18_s4_t4_color.avi,a18,s4,t4,389.0066,237.99019,388.9903,237.99207,363.90787,244.50934,31.617874,172.004420288927,172.017951615763,46.003292,163.01358,46.001553,163.00578,46.014343,162.99567,0.028964996,115.765366456965,180
a20_s8_t4_color.avi,a20,s8,t4,389.02173,237.97508,404.6426,182.91342,372.42465,100.825615,153.74655,142.732374915692,173.265293001694,45.993057,163.03433,45.972652,163.02098,45.984703,162.98512,0.05756378,104.622208278377,180
a20_s8_t4_color.avi,a20,s8,t4,389.02173,237.97508,404.6426,182.91342,372.42465,100.825615,153.74655,142.732374915692,173.265293001694,45.993057,163.03433,45.972652,163.02098,45.984703,162.98512,0.05756378,104.622208278377,180
a6_s6_t4_color.avi,a6,s6,t4,283.08075,103.99104,285.19952,104.04157,283.5322,104.09451,0.5549164,3.18477350318543,173.297236538589,312.99347,356.96692,313.17664,356.9926,313.2125,357.01352,0.265625,157.744437905819,180
a6_s6_t4_color.avi,a6,s6,t4,283.08075,103.99104,285.19952,104.04157,283.5322,104.09451,0.5549164,3.18477350318543,173.297236538589,312.99347,356.96692,313.17664,356.9926,313.2125,357.01352,0.265625,157.744437905819,180
a7_s8_t2_color.avi,a7,s8,t2,301.0435,136.06116,300.67126,136.76752,302.40085,133.22287,4.195648,1.77762425464916,173.922079381366,274.9768,357.9819,274.33908,357.9617,274.7047,357.94937,0.30462646,3.74573996286138,180
a7_s8_t2_color.avi,a7,s8,t2,301.0435,136.06116,300.67126,136.76752,302.40085,133.22287,4.195648,1.77762425464916,173.922079381366,274.9768,357.9819,274.33908,357.9617,274.7047,357.94937,0.30462646,3.74573996286138,180
a12_s5_t2_color.avi,a12,s5,t2,290.2217,171.00471,304.48315,183.34026,293.43472,172.18779,4.3960876,4.41005176496858,174.654944751483,46.025314,163.00404,46.00982,163.0396,46.00302,162.97148,0.054855347,29.2484999611697,180
a12_s5_t2_color.avi,a12,s5,t2,290.2217,171.00471,304.48315,183.34026,293.43472,172.18779,4.3960876,4.41005176496858,174.654944751483,46.025314,163.00404,46.00982,163.0396,46.00302,162.97148,0.054855347,29.2484999611697,180
a8_s8_t1_color.avi,a8,s8,t1,389.00995,238.00691,372.24396,246.77916,365.34888,249.05376,34.707916,170.637708359537,175.332063348616,47.03019,164.00139,47.011658,164.02556,46.99033,164.03267,0.07114029,145.916486308123,180
a8_s8_t1_color.avi,a8,s8,t1,389.00995,238.00691,372.24396,246.77916,365.34888,249.05376,34.707916,170.637708359537,175.332063348616,47.03019,164.00139,47.011658,164.02556,46.99033,164.03267,0.07114029,145.916486308123,180
a5_s8_t1_color.avi,a5,s8,t1,389.00714,238.02681,391.11368,245.78961,391.13553,245.7675,9.86908,59.8442528995284,175.589581462955,559.02527,112.98818,559.00757,112.980354,559.01624,112.957054,0.040161133,93.4532465827457,180
a5_s8_t1_color.avi,a5,s8,t1,389.00714,238.02681,391.11368,245.78961,391.13553,245.7675,9.86908,59.8442528995284,175.589581462955,559.02527,112.98818,559.00757,112.980354,559.01624,112.957054,0.040161133,93.4532465827457,180
a19_s8_t2_color.avi,a19,s8,t2,388.98453,238.00223,405.68253,243.13898,404.43796,243.13086,20.582062,16.7255997411432,176.284954388057,45.97804,163.05313,45.987644,163.01378,45.99541,163.018,0.052497864,75.1617098849963,180
a19_s8_t2_color.avi,a19,s8,t2,388.98453,238.00223,405.68253,243.13898,404.43796,243.13086,20.582062,16.7255997411432,176.284954388057,45.97804,163.05313,45.987644,163.01378,45.99541,163.018,0.052497864,75.1617098849963,180
a14_s6_t2_color.avi,a14,s6,t2,389.00586,236.99728,368.46408,245.05899,370.86975,245.0223,26.161118,20.5537736773034,176.582752914254,559.029,113.00325,559.00696,113.00182,558.98944,113.01538,0.05168152,138.556982356764,180
a14_s6_t2_color.avi,a14,s6,t2,389.00586,236.99728,368.46408,245.05899,370.86975,245.0223,26.161118,20.5537736773034,176.582752914254,559.029,113.00325,559.00696,113.00182,558.98944,113.01538,0.05168152,138.556982356764,180
a26_s4_t4_color.avi,a26,s4,t4,278.07797,358.00696,277.71967,358.0469,267.22998,329.0423,39.812653,103.521202386507,176.624458930469,46.00814,162.9968,46.02526,163.0089,46.016113,163.03107,0.042243958,102.830880912072,180
a26_s4_t4_color.avi,a26,s4,t4,278.07797,358.00696,277.71967,358.0469,267.22998,329.0423,39.812653,103.521202386507,176.624458930469,46.00814,162.9968,46.02526,163.0089,46.016113,163.03107,0.042243958,102.830880912072,180
a17_s2_t2_color.avi,a17,s2,t2,389.02,237.01457,389.00113,236.98967,368.1215,244.03076,27.914688,108.503291800691,177.590895596445,45.976814,162.9903,45.97932,163.04468,45.976883,163.05984,0.069618225,168.231161143454,180
a17_s2_t2_color.avi,a17,s2,t2,389.02,237.01457,389.00113,236.98967,368.1215,244.03076,27.914688,108.503291800691,177.590895596445,45.976814,162.9903,45.97932,163.04468,45.976883,163.05984,0.069618225,168.231161143454,180
a19_s8_t3_color.avi,a19,s8,t3,388.99332,237.98874,398.84958,242.86732,398.8943,243.02306,14.935287,132.352212666281,177.886472241247,46.02313,162.95937,46.00427,162.91127,46.002792,163,0.060970306,22.3649377564355,180
a19_s8_t3_color.avi,a19,s8,t3,388.99332,237.98874,398.84958,242.86732,398.8943,243.02306,14.935287,132.352212666281,177.886472241247,46.02313,162.95937,46.00427,162.91127,46.002792,163,0.060970306,22.3649377564355,180
a26_s1_t1_color.avi,a26,s1,t1,290.1986,178.03441,296.14487,187.53116,287.3842,216.5952,41.375214,131.173610898348,178.042873255194,389.02808,236.95586,388.99637,236.95226,389.0147,237.01105,0.06855774,66.1945595130804,180
a26_s1_t1_color.avi,a26,s1,t1,290.1986,178.03441,296.14487,187.53116,287.3842,216.5952,41.375214,131.173610898348,178.042873255194,389.02808,236.95586,388.99637,236.95226,389.0147,237.01105,0.06855774,66.1945595130804,180
a11_s8_t3_color.avi,a11,s8,t3,388.98657,236.97813,370.999,243.4468,370.5376,243.56683,25.037674,174.803833074135,178.113336735631,560.0054,113.00546,560.00507,113.013054,560.0023,113.0308,0.028388977,173.504124807938,180
a11_s8_t3_color.avi,a11,s8,t3,388.98657,236.97813,370.999,243.4468,370.5376,243.56683,25.037674,174.803833074135,178.113336735631,560.0054,113.00546,560.00507,113.013054,560.0023,113.0308,0.028388977,173.504124807938,180
a3_s5_t4_color.avi,a3,s5,t4,388.01273,238.04504,378.63135,240.92905,378.77115,240.96,12.15654,29.5754412455836,178.740925562711,41.037315,171.95839,41.007034,171.95644,41.015278,171.98279,0.04643631,68.9385167577032,180
a3_s5_t4_color.avi,a3,s5,t4,388.01273,238.04504,378.63135,240.92905,378.77115,240.96,12.15654,29.5754412455836,178.740925562711,41.037315,171.95839,41.007034,171.95644,41.015278,171.98279,0.04643631,68.9385167577032,180
a13_s6_t1_color.avi,a13,s6,t1,389.00256,237.02597,377.25018,243.07095,377.95728,242.21404,16.233353,23.2524146409066,179.104148130547,558.9834,113.011055,558.9998,112.988075,559.0099,112.9978,0.039741516,81.5383437063165,180
a13_s6_t1_color.avi,a13,s6,t1,389.00256,237.02597,377.25018,243.07095,377.95728,242.21404,16.233353,23.2524146409066,179.104148130547,558.9834,113.011055,558.9998,112.988075,559.0099,112.9978,0.039741516,81.5383437063165,180
a6_s3_t4_color.avi,a6,s3,t4,300.9741,154.0419,301.08313,154.70688,300.8879,154.47025,0.51452637,30.2102466836991,180,46.02745,162.98438,46.007042,163.00926,46.001312,163.04099,0.08274841,150.884711644094,180
a6_s3_t4_color.avi,a6,s3,t4,300.9741,154.0419,301.08313,154.70688,300.8879,154.47025,0.51452637,30.2102466836991,180,46.02745,162.98438,46.007042,163.00926,46.001312,163.04099,0.08274841,150.884711644094,180
